10:687,572,486,134,215,862,71,965,349,129
30:317,786,458,473,552,98,863,821,589,793,314,945,876,718,520,764,828,647,492,408,409,308,966,491,356,506,119,945,249,999
50:328,132,742,709,442,825,191,590,424,184,510,906,776,920,31,223,481,228,898,453,911,622,650,292,625,639,818,77,844,456,927,779,472,984,241,508,456,450,147,367,759,41,738,12,870,51,186,874,770,584
70:435,537,82,566,226,453,102,59,581,195,290,853,559,587,330,393,161,34,753,254,497,699,506,629,996,482,295,888,351,301,103,716,739,279,921,724,823,153,655,227,119,295,663,494,570,925,731,708,546,836,888,914,373,606,667,615,712,97,711,737,58,307,620,75,934,714,689,660,387,830
90:498,284,518,894,228,877,39,116,837,620,409,846,857,570,482,890,320,308,762,373,243,891,297,24,28,481,945,503,125,681,419,791,841,793,293,884,912,367,193,44,654,805,272,596,802,978,157,100,643,727,423,289,558,178,854,864,221,882,175,802,434,225,938,40,946,631,209,788,20,320,683,433,96,788,982,857,76,998,458,793,554,236,562,354,814,131,102,759,130,603
110:548,878,236,966,350,245,384,529,484,747,919,220,930,664,977,388,596,161,542,834,437,836,832,800,968,252,340,647,765,426,184,384,365,760,366,173,689,675,950,563,700,516,778,335,66,779,611,98,848,970,274,906,50,313,552,870,579,770,382,757,959,323,817,204,813,92,533,842,712,740,442,650,573,13,460,197,582,792,228,633,221,142,324,994,948,228,848,66,433,890,576,336,624,248,290,11,128,965,468,850,663,46,839,169,297,760,751,913,60,714
130:406,413,111,465,777,733,609,697,27,897,693,573,645,628,283,716,503,178,42,16,160,463,938,100,0,413,414,825,863,233,542,237,207,683,442,193,796,257,523,589,836,991,452,426,970,852,733,459,4,620,656,201,356,53,540,586,955,401,423,69,993,440,217,957,498,94,771,576,210,832,614,226,513,646,432,571,426,838,762,601,517,421,949,555,796,226,802,132,163,225,680,584,489,889,520,374,155,283,605,522,143,183,648,798,789,493,128,876,210,276,557,227,662,642,885,323,646,441,880,862,188,466,46,38,490,25,9,605,221,613
150:45,84,590,274,339,868,36,645,413,107,173,707,388,699,268,38,229,13,371,702,346,221,602,728,220,210,64,205,654,348,590,913,397,178,931,421,756,128,314,548,4,769,440,479,673,191,801,334,879,132,290,612,203,99,689,597,310,488,112,887,92,89,233,322,59,488,387,516,591,790,851,797,818,189,590,29,625,554,98,685,754,5,909,457,464,126,565,783,609,206,638,820,167,551,770,540,483,489,226,171,256,794,187,701,283,385,180,951,336,752,284,640,831,339,120,983,982,961,338,322,192,582,269,336,315,866,365,484,647,770,99,382,850,489,990,527,257,474,69,929,729,45,97,418,972,172,416,451,654,456
170:908,145,911,805,498,542,891,110,589,285,269,767,723,225,474,422,296,80,258,652,734,401,609,973,286,23,915,730,840,513,487,7,175,648,898,478,224,500,452,256,40,515,864,387,21,199,780,476,717,427,177,34,91,298,628,389,776,396,979,505,557,45,371,995,575,804,830,150,780,997,162,490,625,939,364,219,926,310,740,249,313,84,306,265,471,8,702,399,361,860,469,358,915,587,16,598,392,216,758,913,33,140,857,546,716,896,14,162,809,608,598,880,304,224,786,517,830,118,827,713,591,611,95,829,773,31,655,998,454,536,758,322,380,423,405,99,213,511,873,237,515,11,741,774,870,578,611,593,813,138,622,430,652,742,964,74,32,677,263,118,885,361,146,95,984,432,553,473,824,939
190:529,96,727,929,54,365,663,959,348,34,328,126,405,290,614,121,352,712,15,945,723,290,793,543,807,289,34,445,314,528,905,625,378,783,346,175,77,891,0,698,806,195,698,231,42,370,320,990,120,300,54,990,670,814,591,684,736,47,357,16,412,741,277,116,985,549,976,737,278,851,299,424,39,793,384,265,97,640,469,892,655,769,42,978,949,143,361,646,514,163,294,46,858,818,430,480,657,439,291,771,500,361,133,275,690,440,685,592,480,218,283,836,705,732,423,15,972,551,340,937,711,681,393,251,482,565,585,114,398,112,466,761,341,609,354,810,547,516,550,112,473,474,181,916,738,401,96,282,47,196,149,168,861,975,601,459,638,281,970,781,189,733,119,711,939,663,127,822,342,440,294,445,585,246,638,112,655,539,226,344,17,657,782,879,839,375,226,498,931,594
210:301,878,65,266,678,984,514,159,798,381,864,649,90,619,188,145,932,530,803,568,960,835,223,753,764,3,810,701,265,723,117,644,655,224,102,667,156,938,912,750,381,75,612,306,533,254,790,375,354,553,866,993,183,632,549,259,412,231,104,103,978,140,255,107,258,839,89,187,909,959,719,838,54,299,767,496,148,657,634,949,796,350,353,53,755,971,127,288,144,968,88,974,832,48,47,643,603,544,452,742,292,725,381,373,687,97,403,559,226,954,229,757,269,15,491,790,726,64,849,69,614,1,67,249,863,690,639,113,71,894,933,170,950,790,956,222,490,706,670,963,292,235,20,749,907,768,948,121,583,186,942,559,232,998,542,818,885,783,636,696,704,238,344,193,814,583,336,958,525,113,100,503,846,393,872,440,377,659,440,801,920,319,227,729,924,724,206,918,163,692,97,188,19,755,591,264,569,28,815,871,42,82,47,559,563,569,304,514,131,767
230:572,139,445,90,100,943,812,726,166,1,768,75,388,961,373,377,736,426,642,737,179,158,383,378,565,809,831,389,446,127,181,581,267,683,419,326,13,469,486,209,219,214,453,297,311,579,376,341,254,220,254,18,201,872,118,564,697,919,319,770,231,115,355,835,265,876,62,320,497,23,661,504,920,482,737,954,151,190,154,858,38,314,288,859,781,152,285,837,95,422,543,100,559,907,913,173,491,987,105,349,813,689,604,247,833,729,453,50,888,927,645,69,602,655,277,24,19,466,455,712,340,385,578,798,906,929,571,662,908,244,961,439,789,744,961,395,226,350,800,460,782,673,823,41,736,632,560,420,630,834,527,522,3,965,292,502,803,891,661,690,952,354,977,563,213,390,207,943,167,294,324,230,76,247,883,418,299,769,206,397,955,764,139,62,472,646,739,623,704,572,812,222,675,770,421,965,433,289,577,488,381,36,933,267,367,847,940,525,816,413,403,845,182,117,790,624,279,119,992,236,235,824,114,325,722,800,203,321,732,572
250:37,545,543,349,800,166,147,421,352,230,218,33,906,234,51,439,292,13,21,445,337,995,913,619,700,651,408,463,148,35,99,243,886,358,114,77,857,325,12,779,186,911,29,968,423,798,773,712,345,888,61,556,954,14,765,546,566,653,817,28,895,902,234,547,888,300,256,816,315,50,341,54,21,670,53,440,759,366,306,731,672,558,436,95,302,786,469,815,804,750,890,459,981,728,245,998,39,95,167,321,778,554,644,947,199,103,263,659,558,398,148,252,935,394,172,843,602,180,467,16,731,531,693,895,389,956,767,866,615,57,915,693,843,481,723,501,99,837,318,605,199,786,128,959,17,696,459,420,826,294,828,24,717,791,633,821,744,845,702,258,860,104,150,639,882,427,566,544,925,300,398,444,126,38,545,600,922,477,60,797,913,405,731,11,975,423,487,544,29,368,444,994,250,0,982,52,962,756,595,136,649,9,836,657,217,222,413,300,398,988,396,979,907,341,878,261,638,141,389,550,486,354,13,398,637,556,126,720,304,184,92,441,683,959,314,531,209,534,350,390,281,338,461,322,189,17,751,378,308,64
270:629,456,735,293,103,874,137,776,698,758,871,531,887,904,303,370,910,52,548,385,465,769,511,90,117,893,642,463,931,767,279,897,110,965,797,398,668,146,194,953,399,363,500,425,974,607,41,775,348,993,398,653,410,563,868,488,216,529,383,466,614,95,89,967,265,647,964,729,722,779,572,2,744,747,218,989,37,476,997,34,54,286,122,964,956,287,269,185,744,649,536,541,460,213,512,739,228,187,583,514,147,584,99,863,577,986,990,317,858,658,655,821,234,54,237,92,157,146,652,536,459,346,400,638,200,47,894,667,338,244,986,484,251,180,115,973,335,459,355,331,615,565,971,103,515,702,419,159,615,782,670,50,884,232,428,103,263,9,505,570,903,992,794,869,272,646,728,264,180,794,254,604,841,689,21,537,854,65,94,586,399,385,151,50,856,335,183,389,397,733,939,293,240,864,843,584,852,351,999,586,415,701,634,820,620,962,569,353,886,508,685,441,416,22,51,548,729,978,221,780,142,216,306,423,312,227,192,248,660,132,538,793,233,822,948,640,508,709,491,859,127,379,834,712,672,977,143,629,669,654,899,688,582,47,585,341,371,715,982,643,204,946,670,873,519,905,784,338,980,733
290:767,529,861,874,825,859,97,598,653,984,176,118,341,437,72,149,931,458,125,733,440,875,672,147,951,221,638,220,329,678,249,997,793,329,693,852,807,118,504,217,866,482,524,648,150,319,657,213,878,714,907,740,795,565,267,373,82,561,202,409,83,954,735,907,150,551,321,413,496,140,817,286,283,14,151,701,931,562,109,757,293,42,440,933,394,517,34,987,457,874,5,468,291,625,778,954,280,998,40,75,815,147,536,346,666,80,948,452,88,554,656,105,531,141,240,308,434,631,65,369,242,267,717,643,621,775,246,375,556,930,211,56,408,301,848,503,300,173,151,127,839,810,741,995,406,632,856,989,430,79,492,643,79,689,845,200,324,447,734,340,974,464,248,873,457,600,14,691,22,265,605,755,983,736,9,881,641,870,275,123,411,129,679,78,142,991,217,535,237,519,311,991,995,859,794,521,11,38,766,137,570,22,393,187,642,166,672,85,736,971,341,450,149,993,437,276,297,705,574,581,315,561,557,651,181,192,645,597,564,940,444,374,606,962,367,764,580,17,918,653,839,316,282,384,55,562,443,803,430,188,23,526,250,594,148,939,706,98,470,841,912,862,555,588,565,89,932,18,450,478,239,412,746,204,895,55,581,226,29,190,527,643,776,910,384,70,679,478,172,142
310:375,504,250,712,201,32,602,822,779,905,248,119,798,838,189,344,783,988,820,755,471,321,810,219,285,496,342,209,92,77,249,182,687,71,383,150,88,663,491,245,584,428,465,33,720,912,196,491,774,90,368,203,116,72,737,927,547,521,219,511,573,413,267,497,639,930,698,36,357,948,122,163,839,607,689,296,881,644,515,922,873,398,332,644,433,104,650,523,29,309,345,212,638,59,744,248,749,748,312,622,995,147,925,419,813,616,901,512,397,136,334,351,739,364,548,987,122,259,48,84,767,615,676,28,709,585,642,473,972,674,981,847,416,704,463,25,645,777,625,924,431,358,417,41,872,431,813,92,443,399,743,429,806,804,1,787,28,269,783,8,200,608,827,861,270,927,652,498,347,622,424,906,461,820,720,753,100,508,803,379,792,95,58,243,28,583,291,996,137,978,586,280,13,817,193,514,722,428,695,706,811,517,439,237,225,901,775,789,236,543,657,972,716,687,143,449,392,573,935,61,869,660,198,749,288,274,185,916,72,36,286,627,426,336,193,536,711,774,427,281,739,11,420,867,956,259,737,411,83,658,113,264,319,256,481,396,76,927,983,661,371,930,636,276,179,715,923,488,181,993,702,152,381,845,679,396,388,991,108,22,27,186,588,275,26,968,502,136,806,507,808,290,448,898,181,822,186,356,528,90,997,324,205,102,87,400,415,306,48,416
330:276,94,483,824,628,304,481,202,648,5,920,995,864,495,979,464,781,535,652,893,453,168,77,529,700,200,363,570,103,379,891,344,461,285,287,969,654,676,289,321,365,384,560,659,298,424,912,840,576,91,900,178,429,575,975,270,400,553,912,45,324,289,395,421,691,745,723,936,478,627,622,665,336,748,202,822,971,569,883,342,634,820,246,369,909,227,703,278,907,125,879,853,866,786,946,34,650,286,148,874,791,401,275,630,997,942,632,857,758,566,95,983,383,336,830,884,656,184,131,269,346,393,182,919,500,56,965,331,558,271,245,755,262,818,94,524,496,89,480,127,144,579,434,285,467,19,345,175,323,986,701,728,74,553,527,783,198,224,167,244,235,928,683,382,46,250,625,727,445,82,837,230,572,19,798,518,754,600,186,551,890,604,314,609,405,103,265,937,669,390,22,434,845,542,400,241,612,716,33,868,600,188,83,407,214,892,911,445,288,667,573,512,384,724,246,198,929,689,173,248,221,926,180,719,880,364,594,189,275,742,538,174,93,107,103,505,556,840,763,310,745,377,559,366,225,580,989,658,536,19,673,73,465,244,158,249,416,534,36,817,640,626,815,24,240,36,348,278,208,284,756,230,665,30,171,428,794,410,946,385,392,632,792,215,701,300,399,691,313,409,147,287,102,70,278,681,549,826,406,875,966,613,608,167,356,796,109,559,863,288,234,575,915,508,494,280,510,921,773,977,39,617,938,435,778,380,665,970,768,561
350:953,155,211,293,248,615,167,17,153,43,363,875,873,832,703,172,64,461,712,689,322,959,439,872,821,771,215,625,997,40,205,526,322,772,10,321,67,265,780,705,716,747,723,664,771,584,871,875,553,141,14,119,875,266,363,748,880,17,698,313,525,184,368,941,636,311,696,13,268,736,120,206,457,220,482,17,524,948,166,686,933,914,29,510,780,588,120,977,416,857,39,424,359,964,357,681,436,739,849,245,454,835,151,431,692,233,365,475,951,807,82,712,16,609,88,339,89,595,210,114,248,41,441,210,605,826,633,526,52,546,216,684,502,971,470,525,866,151,95,793,969,469,806,117,375,261,204,131,461,329,934,979,884,811,20,867,188,597,238,40,122,849,225,768,80,413,383,582,166,338,429,953,790,58,341,978,733,75,164,408,630,460,214,385,264,459,693,751,72,881,697,628,665,659,545,724,327,110,359,390,148,909,2,550,754,482,525,338,894,471,141,479,230,736,960,711,609,23,16,281,324,234,662,814,782,693,884,987,481,816,91,392,264,766,971,451,488,561,633,938,367,340,490,356,841,343,46,178,786,817,448,335,718,749,994,921,787,299,965,19,544,265,925,272,991,910,947,894,813,68,701,309,707,576,288,450,581,998,710,669,655,933,810,267,688,253,887,697,390,624,784,750,369,452,139,691,268,108,543,897,749,461,253,543,206,564,75,815,588,362,282,900,357,281,569,299,127,565,970,154,235,962,467,193,376,573,943,772,371,882,155,898,900,962,813,613,60,311,149,694,83,998,208,492,335,878,673,601,718,947
370:24,113,964,274,343,736,88,121,207,671,673,93,242,627,662,766,177,66,474,3,893,378,374,310,642,272,121,995,456,266,275,970,555,682,951,607,859,79,142,810,150,489,368,208,480,745,974,261,101,91,651,428,301,785,953,614,982,413,927,834,248,514,560,102,537,776,879,267,824,674,982,614,807,150,926,856,18,16,897,796,357,547,963,784,473,165,911,298,438,758,814,880,845,245,114,604,812,295,489,594,613,453,972,384,768,384,247,73,236,404,859,205,837,902,63,865,615,596,430,654,24,671,665,89,796,423,269,598,370,804,215,266,700,300,732,876,620,37,557,422,849,137,768,782,505,601,522,819,224,8,304,559,343,205,444,512,0,396,348,698,525,922,343,717,681,330,705,422,894,473,262,276,813,210,755,114,101,687,360,524,562,294,417,879,551,787,388,458,206,271,285,451,971,405,660,159,865,693,544,186,740,191,326,799,278,157,601,901,917,453,157,166,489,546,199,212,955,398,404,154,633,6,250,397,679,50,723,662,519,935,781,884,313,659,807,906,277,605,959,51,877,694,350,565,208,128,148,161,545,745,296,950,254,604,112,596,948,524,511,284,584,358,612,89,489,2,399,578,1,933,974,752,785,399,406,295,52,884,93,298,100,336,436,295,977,788,851,172,272,840,116,517,728,764,265,532,647,607,985,979,219,947,421,528,653,875,353,774,40,713,182,796,992,848,781,284,949,323,206,458,566,641,806,430,530,142,887,457,129,127,921,856,346,881,502,808,902,478,612,38,721,509,363,665,865,853,166,375,470,622,286,25,514,723,362,115,714,24,963,212,650,101,452,582,471,724,183,643,990,781
390:993,316,490,234,656,263,243,25,707,141,265,183,591,260,927,595,619,952,85,846,305,297,558,845,901,769,921,984,657,772,978,819,711,36,952,478,448,881,426,714,185,89,418,27,517,73,571,749,157,64,639,988,221,948,937,388,0,340,138,897,51,9,703,244,439,586,535,203,456,179,721,804,66,208,612,126,868,955,945,323,493,888,27,446,794,530,199,669,769,476,974,307,88,502,991,317,743,505,665,158,540,945,559,474,221,534,444,843,495,119,941,596,5,452,310,495,565,757,692,661,221,197,186,226,619,21,199,337,313,486,797,948,887,287,821,904,731,847,37,952,299,879,51,41,371,895,651,453,914,731,516,231,391,930,273,713,497,539,972,213,812,453,341,943,407,321,288,987,290,94,972,712,4,929,911,96,491,518,63,483,677,911,931,335,435,832,304,790,414,13,840,932,873,97,157,436,134,420,836,926,988,423,572,542,350,447,933,212,863,604,925,500,690,381,973,954,38,626,771,964,846,918,177,59,718,383,250,406,257,475,333,845,40,760,562,40,709,511,921,130,757,830,370,13,508,874,87,299,307,86,909,550,444,938,153,541,334,786,552,939,340,369,871,877,415,43,673,528,4,228,183,557,232,616,89,819,592,376,539,879,686,254,587,553,757,461,998,894,797,927,194,254,978,540,470,370,135,493,270,252,520,874,91,26,253,78,247,984,130,797,742,721,59,902,232,282,469,763,611,587,576,698,997,90,248,80,766,278,939,705,628,102,365,222,153,844,599,443,631,521,678,564,412,805,815,971,624,283,840,113,363,559,26,79,500,357,235,871,804,512,311,12,344,635,63,290,405,463,34,772,390,626,327,928,634,416,565,409,209,665,369,265,76,887,999,449,508,665,108,694
410:770,865,536,674,174,623,801,460,19,128,402,676,824,31,450,672,650,237,65,476,436,680,678,417,825,342,979,701,232,60,178,234,61,23,49,742,817,710,568,63,824,458,740,512,56,35,564,933,673,185,32,559,984,748,297,604,757,336,347,678,5,112,543,462,938,981,470,645,429,436,184,759,630,610,426,348,762,300,878,668,124,111,677,159,126,688,215,966,670,410,578,825,70,506,73,998,691,240,748,963,431,604,925,320,234,555,75,924,723,909,159,122,69,59,28,271,621,506,219,995,423,215,740,922,760,510,930,366,334,235,165,347,691,356,747,734,281,105,736,35,783,713,729,921,913,802,321,348,871,269,571,760,708,987,758,804,342,768,774,282,221,19,871,746,652,303,989,14,741,409,791,741,449,485,729,303,525,408,529,602,896,836,193,407,881,108,27,396,69,36,979,911,957,235,862,883,543,72,144,786,443,374,283,576,678,534,115,31,907,439,255,996,757,205,66,534,33,259,391,318,376,942,939,431,587,399,652,524,823,28,752,832,88,973,512,462,705,814,483,133,481,5,175,416,369,882,82,56,74,326,934,342,580,281,811,112,418,68,479,455,121,344,545,51,718,121,963,172,879,930,301,110,497,86,85,983,129,584,749,833,399,128,485,351,357,451,271,693,21,13,410,848,592,838,590,79,587,902,486,717,611,574,540,548,545,77,846,616,761,907,6,333,332,6,7,925,142,950,307,922,978,695,282,636,993,283,868,392,977,145,288,870,554,486,365,141,764,414,45,93,252,135,594,568,805,187,280,486,259,728,906,811,147,573,433,135,303,123,607,651,846,157,234,155,135,814,756,236,853,430,743,402,198,856,589,718,342,355,525,468,193,355,538,341,518,475,677,813,415,490,643,530,308,815,138,783,319,922,948,493,458,584,286,733,828,826,619,268,691,651
430:329,3,476,284,597,826,750,862,66,305,244,619,596,499,929,698,475,767,669,541,811,188,678,616,24,32,954,585,175,885,872,574,856,873,959,583,816,904,294,329,2,688,627,988,421,673,871,394,497,807,806,317,683,45,492,979,624,736,787,672,790,813,410,913,246,888,223,864,398,602,44,585,171,645,511,496,667,784,20,444,896,762,998,44,209,52,666,413,883,192,740,5,308,248,923,335,776,972,551,875,540,492,427,681,792,542,525,242,866,708,19,396,621,957,848,8,113,526,859,209,12,13,384,274,373,802,776,596,137,619,748,396,495,42,567,294,990,276,137,184,630,457,351,260,723,364,584,307,894,214,219,43,303,235,804,141,69,376,269,469,773,726,633,503,721,528,892,202,559,566,598,732,586,956,326,378,119,618,923,338,654,464,942,423,512,125,403,336,719,468,886,582,817,540,507,319,766,499,622,412,129,246,424,939,500,943,283,682,139,156,589,801,427,264,256,130,843,728,402,800,784,420,144,625,247,559,109,490,52,261,129,229,663,297,364,977,102,944,594,71,181,701,817,28,578,754,613,792,133,704,140,785,28,275,85,588,654,476,196,10,269,812,48,931,246,354,550,850,405,194,462,77,145,115,163,431,422,258,417,451,690,624,422,751,431,517,250,483,103,975,259,557,502,195,857,386,25,126,137,346,908,689,349,105,785,775,888,806,669,437,664,346,388,605,428,470,317,246,604,673,376,91,159,581,443,190,143,965,916,297,130,925,161,897,842,902,99,312,348,740,849,717,358,710,961,522,385,570,225,874,917,530,955,13,604,607,31,841,806,416,283,207,340,903,102,535,617,256,858,640,610,543,511,32,783,221,4,213,441,991,56,798,707,691,383,864,893,239,712,777,547,264,83,499,940,220,760,357,494,980,50,292,895,146,995,297,71,171,825,16,185,288,606,700,752,807,957,98,510,369,592,384,168,984,167,489,37,39,435,665
450:709,358,656,632,310,768,376,844,162,682,253,951,605,35,670,482,154,971,323,573,572,153,868,356,746,300,755,727,956,750,826,878,210,992,919,839,580,262,644,430,60,905,690,535,216,826,894,171,747,209,532,669,531,187,968,792,741,145,531,103,132,499,410,120,761,360,939,134,477,272,97,825,241,297,839,524,462,683,888,403,521,544,44,255,438,986,199,800,733,259,388,214,10,907,111,467,550,818,128,472,19,259,516,411,485,896,845,762,396,760,745,534,926,58,320,799,298,540,415,768,806,804,609,567,721,834,405,724,941,369,339,242,141,153,312,703,197,322,346,548,222,158,117,785,896,347,235,465,498,995,290,836,389,995,295,391,894,381,536,693,803,313,23,208,637,119,211,456,811,466,417,55,767,225,391,902,922,167,441,704,570,477,861,337,260,713,872,50,765,14,755,684,330,639,9,566,599,944,983,21,860,812,766,318,988,717,85,507,615,275,550,648,32,36,731,82,608,444,610,187,897,801,972,268,615,774,139,711,712,2,585,783,125,252,245,686,584,214,977,771,389,299,967,535,309,437,130,266,550,271,752,351,670,180,589,400,542,731,403,303,916,24,349,683,384,480,955,323,888,576,576,554,727,913,135,335,880,428,44,631,808,463,823,882,81,898,882,727,483,777,924,340,582,149,815,782,314,761,963,689,791,654,157,396,169,756,898,13,658,973,910,533,43,775,682,335,438,959,89,426,27,628,571,928,226,439,322,930,576,221,98,19,482,862,246,966,774,117,165,692,10,548,916,566,692,468,917,875,240,854,804,838,448,633,946,128,453,64,891,221,156,519,42,670,404,530,317,194,820,954,627,801,434,693,561,159,381,857,636,90,308,981,616,152,623,123,295,735,715,670,622,706,148,260,985,981,306,480,239,926,918,159,952,776,334,516,946,365,820,282,779,535,165,694,49,755,869,703,86,538,783,835,271,597,778,447,107,837,344,82,696,829,960,551,328,500,227,157,204,267,723,908,351,943,248,958,979,3,388,760
470:913,701,94,636,697,107,228,500,546,210,569,533,179,483,894,838,312,26,509,907,360,292,792,122,115,325,312,521,9,652,242,562,270,139,563,549,842,158,460,544,396,935,641,861,134,492,268,184,899,310,831,348,997,735,686,641,748,279,666,147,433,946,217,634,392,913,403,394,628,868,376,439,116,289,405,310,611,348,718,506,789,283,869,322,334,285,512,508,677,830,897,968,797,649,687,603,140,19,929,735,691,840,627,435,198,388,857,348,23,928,408,376,579,550,812,338,814,723,892,39,210,545,370,540,890,102,550,978,916,492,962,207,573,46,920,986,31,979,808,643,110,314,470,949,200,459,704,217,418,862,789,719,759,818,440,667,259,628,164,970,606,745,570,712,957,58,525,472,10,172,111,535,763,664,452,501,712,685,764,345,526,808,550,391,944,838,216,449,630,134,171,376,733,254,699,125,558,680,261,672,723,552,761,307,251,469,414,989,31,785,13,999,101,431,661,996,202,273,741,521,557,434,969,391,398,198,508,689,117,116,692,566,623,134,618,365,2,381,624,568,842,723,350,807,725,734,885,65,32,30,132,281,685,388,441,467,324,806,279,817,333,243,917,231,896,800,176,855,548,732,959,138,572,902,772,388,112,785,994,355,767,746,841,3,241,302,70,584,387,58,688,458,260,176,454,358,460,578,604,143,621,967,957,200,593,527,730,380,371,21,424,772,609,992,351,597,431,397,510,804,71,389,252,446,692,535,362,576,39,954,373,247,352,8,767,325,318,634,997,634,41,932,571,371,548,565,818,249,65,46,652,160,69,516,231,610,610,948,221,928,307,170,253,556,386,949,561,350,405,578,136,25,984,892,958,817,204,437,496,652,148,612,436,266,552,91,364,562,914,955,947,674,126,462,432,562,799,433,728,830,685,252,184,399,234,656,807,524,587,899,338,234,292,715,402,365,604,885,248,594,616,320,864,491,651,987,907,445,115,136,646,162,479,164,472,990,580,3,361,128,927,613,750,447,437,263,274,798,86,863,822,502,439,168,856,286,367,733,497,697,593,110,184,429,649,781,69,99,234,524
490:376,752,811,548,216,639,162,444,287,400,472,780,218,625,949,285,127,528,996,664,791,58,855,167,371,99,333,612,363,370,280,604,368,88,691,783,419,222,192,374,607,944,200,914,834,465,548,605,505,20,560,199,657,548,535,184,249,209,466,676,20,375,89,736,854,261,708,592,844,903,491,690,429,937,506,962,223,808,768,851,186,62,679,503,978,50,222,36,448,690,633,67,575,158,122,733,276,690,633,44,566,496,311,459,229,167,656,251,352,84,615,659,78,243,891,124,366,50,719,750,450,186,304,714,734,843,383,198,55,315,910,838,878,619,15,261,939,367,200,343,663,927,603,570,937,262,58,849,98,510,704,756,357,422,866,488,894,386,444,854,435,597,448,459,103,38,433,236,379,860,381,195,80,678,153,546,400,908,999,435,618,372,595,697,163,594,675,143,802,95,716,835,804,932,577,55,838,595,703,76,969,442,276,891,904,686,381,145,973,840,751,381,25,430,525,770,826,72,752,900,422,997,221,937,590,10,288,981,199,671,118,969,418,782,672,802,98,889,947,489,589,46,300,877,372,481,282,145,493,727,4,690,472,682,209,314,262,374,510,946,324,294,625,968,80,52,629,980,419,620,487,80,396,235,52,252,406,257,181,380,223,368,691,623,985,520,973,907,142,313,680,298,652,180,230,307,776,598,711,143,343,922,620,705,463,770,531,553,307,570,916,573,822,353,473,300,911,829,100,361,459,729,411,208,441,317,503,264,518,331,195,13,73,681,23,353,88,136,995,614,929,248,313,386,565,901,291,288,142,707,988,207,546,169,139,169,367,181,769,794,158,492,540,315,53,900,948,706,12,184,594,904,434,687,33,214,575,89,476,613,569,351,135,361,749,638,122,625,779,904,400,525,301,559,190,236,672,510,638,50,824,783,891,226,330,434,879,350,674,856,104,712,173,29,586,419,329,179,366,915,257,257,487,830,373,528,693,485,838,333,547,459,390,967,283,185,310,95,33,468,593,927,284,820,78,489,41,265,163,581,410,652,484,54,332,191,19,913,798,650,434,787,613,755,124,423,324,513,425,912,209,341,424,449,219,862,567,255,223,352,445,207,634,520,241,657,953,62,300,441
510:108,727,128,942,417,573,748,56,948,158,832,27,204,526,659,195,617,674,492,2,978,306,149,541,675,42,947,856,603,549,506,369,531,895,62,552,914,717,604,736,758,587,54,522,830,738,70,239,226,371,586,64,748,789,461,620,112,591,271,901,581,818,602,175,528,646,885,958,694,280,806,51,47,797,280,218,306,797,109,500,955,518,500,124,602,324,347,471,621,546,400,317,477,152,409,391,446,682,740,564,55,168,240,764,354,239,178,71,214,499,852,931,287,31,471,689,751,155,906,35,582,49,915,652,877,28,169,796,529,989,524,470,74,35,165,183,931,158,631,781,660,816,239,514,762,177,359,940,337,62,445,963,728,70,491,278,42,312,624,10,29,563,572,448,675,148,896,153,862,438,403,136,377,785,674,677,217,17,183,170,818,330,114,27,78,853,741,207,48,474,0,549,215,442,38,549,150,143,103,85,384,562,76,620,664,497,273,911,383,699,220,61,503,673,188,408,156,491,940,475,411,100,511,874,186,132,214,635,278,408,821,672,212,439,555,109,447,299,120,588,488,322,593,818,52,489,510,461,127,164,837,133,662,188,824,957,362,61,209,421,896,771,957,988,718,633,158,183,120,397,411,448,440,827,130,173,228,837,406,791,338,108,404,163,54,853,94,25,651,315,490,686,528,820,237,576,466,163,321,525,384,546,310,513,436,98,829,186,389,857,631,969,25,6,723,288,383,939,511,402,882,904,150,763,890,344,448,966,245,306,175,237,51,671,861,792,559,626,651,701,401,33,853,856,704,815,601,63,533,459,750,5,562,400,385,945,274,642,74,890,402,426,405,585,133,350,389,187,677,912,459,465,709,665,468,158,500,842,584,629,971,39,758,637,552,681,46,706,915,550,991,360,549,398,430,966,313,101,64,533,643,664,622,612,237,246,351,298,864,428,597,511,598,685,933,54,878,860,297,443,314,152,435,709,939,899,647,712,460,470,259,779,307,973,659,633,620,618,428,565,48,769,819,359,675,712,86,957,594,160,511,600,707,148,737,445,79,381,811,108,650,815,714,72,956,516,308,419,631,59,806,941,392,101,806,874,155,235,45,918,240,847,804,789,842,798,39,602,429,463,591,140,639,355,250,160,383,209,517,263,394,196,153,686,589,267,339,668,461,429
530:398,827,938,702,867,950,442,747,64,27,1,886,927,220,310,206,237,520,690,535,339,458,89,73,937,459,242,351,510,176,539,255,981,42,510,841,737,726,144,901,928,89,24,582,190,346,757,989,265,684,239,555,25,262,280,534,242,808,572,159,298,292,939,46,342,231,567,779,969,603,248,898,844,394,157,898,96,113,686,114,152,54,221,64,628,8,898,696,408,130,357,773,276,99,599,967,764,621,457,321,528,367,166,677,78,866,845,295,602,877,870,707,31,221,965,379,560,444,908,201,712,460,155,302,263,88,59,21,805,120,713,334,305,152,222,642,403,227,498,136,720,825,808,331,667,346,741,440,896,102,50,271,628,275,497,181,352,17,445,299,445,965,882,648,1,520,443,174,631,756,706,715,909,194,250,630,727,171,432,483,104,497,136,661,433,177,84,15,474,760,863,367,454,295,976,888,707,4,762,427,918,830,920,369,93,933,758,552,166,387,450,31,54,819,370,343,219,597,847,736,210,531,822,589,29,963,303,445,244,984,23,7,284,815,224,433,845,972,249,597,750,623,592,345,147,39,571,817,414,720,694,187,732,316,710,999,286,324,692,313,567,313,766,884,958,275,823,973,249,652,631,1,737,98,661,708,853,920,368,719,831,89,901,733,819,32,219,898,613,446,378,417,689,576,986,528,694,165,720,658,988,233,483,777,765,241,93,61,136,340,941,6,232,369,129,290,235,323,848,619,110,302,230,168,726,516,80,166,993,937,63,827,299,375,178,616,77,679,756,472,151,261,901,857,894,198,549,141,361,353,818,437,253,303,466,851,345,784,596,795,36,452,33,38,313,58,817,130,60,544,343,305,791,672,206,955,262,259,949,11,1,726,765,124,575,541,828,894,510,392,634,897,769,985,689,588,99,654,305,899,840,689,881,283,83,65,850,394,906,909,541,272,278,861,789,996,454,429,703,261,754,967,238,94,941,268,67,564,260,551,665,431,412,325,302,842,144,452,878,769,399,207,986,983,764,36,342,81,815,507,128,731,857,179,659,444,637,330,179,520,769,40,68,114,780,577,723,324,745,349,894,365,898,438,343,789,512,286,3,656,214,426,857,412,758,598,742,497,587,494,726,445,414,775,861,673,212,752,427,619,323,408,181,304,821,629,776,998,38,326,617,547,256,734,424,30,118,101,939,936,805,941,895,182,830,414,809,78,567,878
550:970,252,954,721,665,960,414,80,834,797,433,281,204,992,807,556,633,443,868,525,446,565,989,130,578,608,389,490,188,559,563,256,228,154,417,307,492,272,471,372,832,615,374,188,528,74,841,183,726,0,5,912,619,5,497,729,140,87,544,648,985,175,51,329,974,634,692,92,163,563,990,140,574,191,200,433,200,309,888,675,829,120,668,795,157,18,83,815,727,511,394,266,310,322,587,222,747,96,80,895,857,495,350,925,360,443,652,605,441,109,306,93,593,600,630,346,921,794,321,520,545,379,288,645,309,269,15,538,87,431,401,487,972,288,418,250,739,517,213,700,912,263,449,368,639,20,902,689,923,320,86,894,486,519,942,741,835,858,987,585,287,740,930,441,430,192,768,15,602,921,224,794,718,717,179,697,553,351,513,843,782,712,957,632,200,145,71,293,971,303,851,512,742,499,303,41,148,237,291,769,209,676,600,482,34,381,458,107,925,22,698,422,176,822,100,55,533,787,824,915,771,255,476,107,712,167,622,859,810,753,926,348,725,186,914,434,182,506,988,362,878,405,910,420,395,966,758,857,561,625,260,626,797,333,792,972,257,949,760,579,315,162,791,338,625,487,842,301,207,160,283,99,697,15,649,3,436,172,63,161,822,865,464,237,62,160,220,201,358,585,771,133,189,795,585,377,449,974,803,446,393,283,85,425,121,585,293,621,15,901,794,276,514,165,39,594,642,249,516,294,618,886,827,789,434,904,824,749,353,452,841,739,264,647,565,625,210,159,985,56,815,988,357,885,688,401,662,659,572,837,500,518,505,881,563,903,631,414,816,225,950,604,641,102,648,345,271,158,64,932,391,862,386,301,43,817,596,723,368,405,130,681,857,645,880,182,784,326,664,631,812,617,75,843,615,540,868,475,702,173,856,765,652,908,602,732,696,251,395,581,362,957,390,895,869,56,705,552,30,16,40,521,850,217,68,173,406,809,185,659,144,777,141,917,955,206,316,549,664,375,48,763,799,125,469,253,173,810,883,332,871,759,604,638,469,135,870,302,242,729,883,916,960,542,667,90,304,888,51,268,559,794,831,995,388,962,395,982,37,975,191,429,2,697,264,868,361,684,35,545,408,568,197,794,962,937,95,758,976,885,573,110,545,15,500,999,20,240,67,615,586,92,891,225,233,960,744,175,714,270,218,35,380,938,893,442,130,397,99,685,39,235,924,861,898,931,356,611,276,706,387,690,566,781,377,970,104,865,184,505
570:428,24,804,127,209,763,621,758,108,862,685,860,576,605,397,919,870,617,802,932,496,326,525,564,879,428,312,60,884,408,819,63,619,935,431,706,36,295,42,900,108,953,177,423,144,278,268,199,401,293,378,358,835,775,421,314,463,951,337,324,937,129,46,382,996,622,62,96,848,905,376,158,774,17,177,666,338,884,868,929,727,140,585,597,129,792,17,503,612,2,978,942,186,168,85,704,97,418,773,52,258,631,490,898,678,411,155,616,187,761,427,34,372,977,546,732,855,327,116,935,864,8,534,102,891,689,28,931,719,93,216,883,693,547,814,867,256,762,458,806,486,130,187,28,205,153,561,568,137,534,169,790,33,181,337,975,577,664,559,170,74,726,900,241,790,138,558,861,728,707,27,863,240,899,593,509,172,295,626,205,202,626,565,464,49,22,472,798,456,448,689,850,838,23,756,633,201,144,654,765,514,201,57,584,285,920,568,519,286,919,378,414,535,983,315,370,182,70,502,734,227,831,407,29,64,140,324,16,825,810,172,941,746,824,120,701,552,589,750,440,567,254,580,544,587,185,417,438,595,394,255,844,911,335,525,792,258,793,297,162,178,258,147,115,292,605,900,906,389,838,757,51,308,159,924,406,779,292,441,306,571,917,319,836,999,421,367,672,49,379,678,642,241,916,134,786,860,723,722,626,945,879,938,117,703,431,319,509,594,172,264,889,620,299,355,865,456,406,80,448,890,982,415,645,666,422,826,838,799,143,581,522,832,932,337,32,973,497,8,625,485,373,674,471,409,785,950,529,221,924,957,204,639,388,537,759,536,219,387,387,623,476,561,917,853,56,485,50,275,978,899,294,223,971,299,128,766,234,404,549,731,876,26,944,317,883,278,643,839,991,612,469,1,478,458,952,788,377,420,29,155,508,300,607,245,737,46,368,918,139,706,196,773,746,779,56,73,975,676,206,420,85,810,673,410,18,197,783,706,945,336,303,323,374,160,40,90,229,825,276,559,991,435,24,416,106,508,801,797,323,599,20,659,123,986,849,540,619,101,445,91,461,542,11,29,345,842,271,763,417,462,943,924,690,507,366,736,959,552,293,255,715,665,704,447,355,261,827,788,758,438,711,90,522,866,365,583,444,38,518,204,834,33,572,865,433,494,961,40,159,100,866,913,596,496,791,245,394,258,610,495,102,101,721,468,426,63,626,531,792,992,986,256,93,40,169,346,863,545,686,708,660,476,403,937,825,535,557,24,748,948,58,95,263,93,790,196,626,330,708,455,451,29,646,227,84,101,194,595,185
590:415,425,585,852,164,332,345,919,867,573,701,725,574,631,362,902,98,515,287,566,0,857,541,288,224,487,58,964,150,505,720,706,564,221,875,833,263,129,167,241,718,452,455,201,941,389,570,286,968,884,672,513,154,132,827,236,86,865,489,593,436,275,813,934,901,447,533,601,738,15,702,491,718,197,371,756,117,817,813,852,476,444,916,249,839,537,108,290,897,599,555,519,278,541,462,642,701,843,91,942,561,736,354,202,79,637,244,450,673,310,109,923,505,776,735,41,313,796,571,375,495,430,68,881,543,610,271,353,472,108,346,237,424,378,462,66,475,984,487,599,119,672,440,376,747,20,291,252,958,825,750,174,523,90,554,637,946,630,212,800,938,647,294,266,459,16,592,621,24,10,608,486,625,739,985,221,486,819,247,280,336,92,544,307,306,142,630,518,204,845,506,226,376,584,282,33,989,990,931,537,137,350,842,149,652,547,283,729,831,746,453,839,555,194,565,235,423,919,390,311,697,419,627,588,421,338,651,670,899,728,851,842,179,945,897,670,107,444,660,109,257,661,65,694,269,206,849,209,734,689,334,821,524,948,436,488,413,346,52,340,537,186,467,395,352,382,370,551,516,43,511,207,673,255,640,330,192,140,296,545,403,159,889,445,539,893,489,309,733,355,442,57,547,489,769,72,798,378,993,418,313,242,96,235,257,365,830,173,153,752,717,296,299,734,548,185,120,641,230,828,263,387,512,143,588,887,448,77,104,33,593,684,95,79,714,972,879,579,302,708,660,934,374,242,352,826,883,638,408,492,792,44,794,28,443,20,970,570,428,376,27,407,198,673,570,533,331,662,415,908,837,27,109,218,358,634,929,142,528,952,447,386,193,310,895,706,447,874,719,437,729,602,258,871,78,213,478,936,118,22,571,461,718,901,639,457,465,908,39,271,698,163,432,679,911,904,204,42,575,822,551,724,211,985,249,486,810,236,382,324,615,887,97,825,117,904,743,725,139,148,160,241,11,915,520,239,804,797,363,248,79,733,816,651,190,152,476,95,352,194,135,630,50,141,900,750,128,31,689,940,272,575,119,487,207,35,979,423,509,794,19,664,220,761,36,863,158,4,648,615,188,298,101,704,275,765,144,590,24,909,361,401,429,673,656,870,715,17,13,721,967,346,989,157,441,383,841,186,263,416,592,818,897,298,516,888,270,515,18,997,532,456,787,512,908,397,224,377,731,943,338,699,356,322,271,28,292,139,265,946,950,953,848,11,796,4,88,225,855,241,181,80,781,338,138,206,602,135,401,118,762,323,501,488,986,805,740,408,598,96,664,946,949,466,292,143,177,542,604,55
610:322,30,69,859,402,200,547,765,339,467,146,887,317,311,236,444,531,495,216,943,317,44,300,190,433,55,353,114,506,106,965,606,923,563,582,82,357,30,562,483,243,662,932,192,999,600,33,379,637,141,936,778,949,626,359,34,630,565,370,383,454,389,983,778,686,126,37,984,490,472,419,882,470,508,341,742,876,699,808,586,235,218,735,544,849,797,230,482,840,439,196,731,55,755,198,352,679,835,909,282,134,578,137,16,849,768,760,93,593,114,551,267,616,458,697,651,870,874,397,747,860,113,233,962,409,656,869,259,602,332,915,883,532,616,898,976,766,86,937,113,474,986,536,820,762,346,346,680,615,606,232,416,324,64,15,927,873,280,929,518,884,943,345,240,849,502,944,647,90,219,780,549,538,326,344,872,196,742,823,514,249,187,522,532,645,448,329,455,75,87,406,943,751,768,965,885,825,160,544,743,210,658,822,174,398,652,387,411,434,9,491,150,751,190,784,525,516,43,180,638,778,41,328,802,400,50,770,325,255,929,461,966,640,935,466,567,770,223,237,841,735,215,178,184,950,251,774,214,763,144,835,615,922,81,523,305,899,673,181,997,696,831,908,974,50,263,773,589,624,82,225,255,505,948,17,748,481,910,616,500,776,40,930,791,216,309,658,649,541,690,152,689,823,652,66,645,18,909,505,492,791,243,917,447,811,501,339,589,821,211,890,833,573,105,197,234,680,799,290,175,112,32,961,981,720,245,841,334,342,206,364,255,305,780,835,743,217,670,340,783,821,214,743,539,336,174,840,987,429,373,391,6,786,736,908,140,177,927,677,13,888,757,410,84,914,19,599,26,15,810,96,112,38,746,148,988,451,932,352,159,540,417,421,826,517,221,43,978,555,692,532,695,702,111,981,308,519,682,855,4,473,789,700,954,436,645,885,794,964,838,976,146,688,944,103,951,6,972,172,645,381,761,672,206,82,574,91,806,172,782,181,905,907,916,339,850,826,657,838,856,781,241,797,111,150,646,42,889,338,567,170,415,88,938,998,200,138,481,495,284,828,11,926,997,177,170,553,635,572,708,90,611,988,424,938,67,817,311,522,436,659,229,282,620,547,538,706,272,369,314,941,619,675,389,486,781,527,523,83,482,143,64,94,5,268,856,627,337,406,871,19,21,599,711,678,562,743,247,952,666,34,637,154,62,198,712,745,875,681,100,300,979,335,458,862,620,840,75,836,551,256,994,137,878,481,195,108,611,891,372,211,442,299,702,177,850,297,791,427,5,931,128,416,1,471,630,486,642,46,896,377,254,156,547,663,829,868,397,695,259,401,956,752,116,639,394,382,795,495,720,791,550,241,140,443,681,92,248,18,269,793,832,463,837,518,480,530,829,854,320
630:532,104,869,13,691,764,913,908,502,460,261,294,594,138,583,499,114,110,617,828,917,200,117,905,945,814,225,756,766,474,138,712,366,900,284,425,864,119,279,473,251,26,766,388,856,637,753,585,608,902,739,974,44,799,790,207,852,790,369,762,351,393,739,90,545,795,58,325,987,256,300,284,571,89,647,792,132,468,956,363,705,779,493,690,795,111,743,357,306,488,587,423,192,772,207,945,705,971,58,382,575,387,788,762,50,500,963,820,244,145,570,789,466,913,116,403,318,186,950,911,505,866,411,839,879,425,809,873,195,414,168,670,153,540,475,150,130,144,159,557,858,90,96,65,613,462,579,895,168,270,6,362,557,349,924,519,790,211,221,703,762,624,425,994,277,343,781,140,577,345,110,471,531,186,523,741,929,492,799,64,399,941,579,145,896,584,138,193,282,422,846,966,274,862,401,605,494,48,878,305,706,322,749,710,10,141,517,485,751,887,283,292,253,173,265,240,456,229,971,986,46,286,634,299,648,748,867,501,714,252,554,976,946,168,791,14,533,951,507,276,549,332,100,173,71,585,492,612,464,857,696,997,784,839,820,257,270,630,228,397,619,669,317,158,571,278,265,715,790,460,474,110,78,343,638,328,152,22,352,112,940,735,191,56,938,45,280,989,762,895,359,353,438,497,947,422,940,658,791,56,242,841,684,472,886,732,980,809,702,326,609,225,585,988,60,478,913,213,402,450,400,348,681,188,55,827,992,596,262,270,252,787,45,352,383,429,777,990,370,228,211,31,155,50,250,772,306,530,352,842,454,884,466,584,877,660,529,999,64,381,750,558,516,535,675,319,885,681,788,770,109,77,276,651,643,648,507,882,726,298,141,8,104,904,974,81,256,795,18,362,319,996,305,591,364,807,519,609,276,641,234,675,129,360,556,896,635,678,561,83,196,800,466,755,804,369,16,168,53,270,932,966,905,982,810,93,408,960,574,162,342,113,583,814,129,288,169,777,920,880,439,515,550,738,956,503,438,35,610,652,25,889,612,321,371,566,326,804,403,311,828,615,689,764,440,423,434,883,277,691,878,259,937,61,843,898,991,168,594,483,114,143,743,992,942,725,615,128,295,359,482,990,789,842,271,30,480,178,831,763,653,232,953,866,899,967,781,965,975,411,580,981,67,870,716,23,717,720,282,585,595,699,552,522,829,785,406,219,851,778,76,182,493,557,294,473,490,2,416,511,375,722,825,164,81,892,972,138,718,413,696,36,894,387,378,735,559,950,369,104,933,556,71,78,905,15,383,309,96,773,313,276,893,459,835,468,985,270,706,749,365,921,110,518,906,588,531,521,8,791,3,417,155,3,193,560,4,321,249,922,452,737,796,96,635,361,263,857,118,584,210,979,6,630,974,610,373,306,264,563,900,407,274,552,224,156,353,745,627,7
650:369,458,751,373,844,302,773,16,289,64,956,166,809,650,861,450,822,725,410,449,364,99,143,587,177,516,713,11,137,387,538,413,681,836,863,827,717,124,209,757,334,533,703,331,907,765,413,599,336,970,286,876,116,292,124,61,948,254,704,499,509,338,885,63,63,449,887,344,116,372,65,850,456,115,268,324,915,343,515,555,626,565,851,496,707,401,512,98,871,236,499,738,778,204,928,10,909,999,227,960,533,316,786,589,492,118,390,260,590,293,363,593,278,131,655,232,94,104,159,15,846,66,789,537,699,596,958,136,825,450,592,78,731,838,824,392,639,162,265,80,191,387,409,261,730,767,285,745,497,715,973,727,908,690,371,895,909,166,772,671,69,340,857,967,475,304,279,89,123,388,618,852,107,166,440,28,360,765,98,431,407,215,430,110,231,467,791,630,676,421,998,954,815,644,634,727,328,76,258,451,510,824,268,195,893,760,894,688,606,410,953,357,340,824,53,864,762,774,183,170,907,319,552,117,809,675,463,697,647,911,119,851,146,289,795,538,130,533,925,63,686,113,502,536,45,322,351,425,177,937,30,25,902,102,597,668,793,199,933,114,515,821,664,819,301,275,51,197,453,643,178,988,166,879,245,836,694,33,552,678,64,416,473,453,770,807,762,692,842,476,87,317,57,826,113,840,441,179,473,807,347,117,960,763,129,863,563,932,234,497,148,881,292,302,787,770,347,255,436,247,183,316,521,856,932,49,848,399,500,708,888,709,55,615,709,784,610,262,571,438,837,46,406,288,87,199,160,910,612,632,500,795,166,382,640,901,785,56,215,387,520,386,12,387,902,836,211,927,983,887,233,827,397,643,468,270,6,408,348,19,426,751,913,355,994,131,79,744,4,954,4,640,219,530,610,564,251,18,527,932,371,126,201,546,115,54,520,487,429,436,460,389,56,784,365,747,151,905,530,958,544,130,849,722,944,391,284,117,59,595,613,428,74,592,544,205,910,33,967,31,720,407,731,58,267,542,325,975,761,884,13,395,417,126,138,598,770,54,824,418,714,28,584,602,80,800,497,664,791,202,804,795,731,614,245,916,366,479,685,931,171,415,325,499,20,432,557,438,647,386,402,958,819,201,93,218,176,890,232,97,117,587,509,109,267,260,959,847,590,174,729,652,939,702,989,401,461,61,180,728,506,983,748,222,379,95,105,688,152,323,634,506,465,849,724,187,186,294,244,24,670,358,597,484,572,550,793,33,559,817,156,502,295,690,356,149,109,919,557,728,3,727,218,7,794,824,518,904,229,783,792,875,683,965,180,105,378,538,365,913,383,984,641,182,866,55,598,129,261,232,544,70,525,553,708,565,754,804,622,496,369,732,223,28,560,357,571,318,833,902,798,219,32,126,559,595,486,192,516,876,168,157,781,815,802,109,221,360,341,377,410,247,936,440,702,110,810,403,478,183,237,775,903,916,142,63,137,130,449,460
670:596,82,242,938,127,77,654,879,639,740,472,115,444,498,631,951,664,174,85,323,488,576,650,496,165,927,47,735,396,301,822,180,793,360,270,306,163,38,109,220,64,156,774,414,417,235,603,102,665,440,716,562,879,302,172,750,434,873,892,762,876,874,481,366,599,194,593,363,461,637,187,216,692,557,956,181,773,896,406,544,469,199,931,713,693,299,631,236,804,526,532,779,317,915,990,309,667,708,630,143,856,910,525,982,413,187,446,30,844,675,446,425,609,800,207,607,71,37,191,183,391,49,664,584,114,942,761,758,168,217,642,292,121,30,493,594,609,193,311,667,841,234,125,510,56,790,948,791,721,239,553,322,293,960,991,587,545,110,710,668,66,766,952,956,341,575,104,520,603,868,100,441,713,505,705,379,494,30,837,989,358,629,719,761,596,812,27,841,60,440,657,836,717,390,533,252,982,623,690,917,608,767,200,85,40,2,996,938,56,780,686,92,403,995,174,577,527,908,40,726,592,974,647,809,382,254,461,360,672,64,791,77,794,280,823,905,202,594,876,201,769,940,549,586,404,341,810,453,26,130,187,39,96,253,178,679,176,90,251,316,321,280,468,443,335,72,31,234,347,70,44,428,413,433,915,801,957,472,672,873,586,802,951,318,642,146,415,747,472,638,379,604,291,802,339,187,90,878,41,732,814,753,319,646,736,576,647,959,650,606,98,730,314,218,825,351,32,992,138,824,496,149,314,980,979,35,585,298,96,268,164,19,768,326,819,75,23,52,930,686,614,837,37,988,398,700,13,144,143,979,431,59,734,836,972,911,37,853,675,115,812,359,65,739,933,412,259,224,485,170,915,675,935,856,646,833,146,636,782,540,387,959,763,47,949,734,628,843,644,22,459,842,226,970,31,951,241,940,619,592,951,558,483,706,239,987,575,368,187,176,488,607,719,904,448,408,50,624,662,610,838,136,942,564,142,490,784,789,231,987,863,568,23,531,1,735,978,731,846,874,892,873,305,604,761,211,971,819,703,142,999,962,181,625,657,68,197,67,352,847,252,406,554,355,539,510,439,422,782,146,181,997,961,726,266,897,531,770,465,931,386,115,195,653,198,796,286,231,466,153,332,955,636,855,178,445,494,219,529,778,829,142,858,797,119,673,265,928,58,467,508,269,647,444,461,408,741,477,787,672,521,151,191,859,859,748,706,643,269,157,60,721,372,153,311,636,433,79,234,774,657,625,145,716,448,389,578,511,117,353,179,452,247,698,846,348,973,184,278,760,378,114,140,630,983,9,442,729,451,332,288,999,622,936,757,108,139,865,613,798,267,594,225,742,566,989,53,938,133,391,722,681,819,691,844,812,298,481,789,621,737,827,104,327,43,636,906,530,219,741,771,337,643,894,323,58,948,517,127,49,48,382,426,281,531,655,536,977,896,854,406,878,504,961,29,730,637,458,638,769,365,901,231,916,729,144,995,245,101,486,296,749,114,831,330,237,567,176,37,719,271,106,952,224,771,618,20,516,704,996
690:507,422,787,844,398,515,321,347,399,722,627,171,157,466,823,752,694,871,674,290,55,499,577,595,726,765,30,553,537,761,791,40,655,804,203,167,619,474,854,702,450,597,932,145,522,252,322,275,282,542,528,515,649,97,178,347,926,980,790,147,798,813,792,665,613,863,896,522,19,756,678,850,960,931,380,780,186,790,729,174,250,635,493,597,776,613,328,320,59,886,918,419,706,195,797,291,560,252,759,104,450,615,482,956,676,976,461,687,810,902,294,956,283,420,566,260,679,19,285,509,657,521,570,286,711,809,979,858,206,343,467,382,611,533,681,545,940,398,461,87,533,70,845,586,615,85,606,197,378,183,167,670,443,121,862,432,113,489,582,722,930,458,112,240,290,91,182,676,819,3,15,688,816,244,508,186,347,977,161,108,415,445,399,952,543,377,535,605,309,497,697,504,383,811,914,65,716,589,868,424,621,323,855,917,142,658,157,370,659,460,948,61,264,440,740,429,640,573,248,992,351,251,337,710,59,22,558,366,973,351,424,996,254,649,818,131,652,693,102,492,724,603,906,531,137,294,953,907,810,34,37,910,922,644,402,18,185,622,439,107,48,197,214,953,778,865,979,118,805,49,905,830,336,609,151,243,751,761,161,324,249,507,235,386,275,656,184,327,957,87,353,91,890,131,914,564,621,384,742,521,454,306,378,851,20,842,391,97,181,390,993,318,265,212,309,945,765,195,231,473,267,742,281,659,870,549,87,786,763,49,719,489,3,100,663,647,317,891,55,248,912,170,509,500,982,658,519,287,572,833,338,660,63,358,369,431,888,71,106,597,992,201,619,554,31,331,290,351,541,520,474,221,283,7,32,539,436,48,677,167,854,878,143,605,909,459,71,770,70,540,999,219,128,595,501,255,246,451,520,229,433,883,76,819,299,290,192,197,903,643,948,286,484,693,7,342,472,82,311,185,97,186,10,551,375,595,57,53,661,263,773,951,54,187,745,776,948,687,327,640,859,302,583,560,941,484,753,861,158,887,971,447,256,875,439,29,585,702,724,519,336,565,925,344,198,753,78,310,657,266,514,638,876,150,402,809,250,845,384,933,130,428,601,761,588,605,65,706,298,871,873,875,162,407,755,212,247,315,214,905,783,559,493,989,743,310,265,884,658,486,951,474,369,728,253,299,524,490,333,96,750,115,484,802,343,627,148,591,772,900,917,998,769,649,267,592,630,818,233,637,951,897,363,568,877,644,425,321,434,511,879,957,898,189,489,963,676,867,964,285,208,273,712,457,691,94,906,387,726,607,421,370,629,251,552,444,459,662,499,126,26,776,763,475,280,617,245,432,285,756,551,266,249,693,546,45,642,736,772,139,27,608,81,189,73,896,362,632,111,665,30,479,193,113,340,632,973,692,195,782,749,634,817,467,225,397,991,384,626,485,901,706,74,577,602,498,678,540,148,674,981,938,718,87,746,126,656,791,493,682,439,200,281,81,221,195,158,988,27,115,942,687,347,590,661,207,675,567,641,515,859,117,129,44,352,571,90,115,713,53,901,789,662,196,996,645,400,70,35,790
710:659,293,955,931,297,666,905,142,104,462,174,785,531,189,264,932,71,63,653,683,563,484,335,787,203,931,403,426,470,640,572,392,466,376,940,333,178,898,651,872,822,67,552,202,448,878,444,85,199,238,382,44,980,170,513,48,434,668,409,99,723,389,740,869,453,969,798,897,763,946,213,468,135,116,763,521,718,444,242,267,804,813,114,64,942,729,357,895,503,313,11,910,538,145,833,610,550,891,421,419,199,46,301,307,905,3,173,948,88,171,758,595,235,160,708,13,471,63,536,708,863,783,444,341,40,753,294,634,995,507,515,519,228,27,973,651,584,972,191,29,251,312,77,792,159,995,648,637,400,511,79,588,109,937,425,814,673,976,439,585,599,37,623,697,548,171,131,680,478,380,559,970,795,270,409,903,748,113,172,165,320,941,4,346,477,860,502,355,873,425,536,444,247,660,163,333,964,940,281,900,65,623,153,405,996,625,272,875,71,846,985,9,802,310,333,74,539,12,734,649,956,482,237,206,933,125,451,822,272,1,709,438,988,905,528,243,313,693,460,24,163,992,390,261,329,924,109,265,500,893,245,116,749,719,202,116,383,388,860,322,924,174,697,983,404,965,345,616,319,334,707,371,660,793,988,189,634,109,95,450,451,818,48,200,201,370,539,737,856,348,650,147,604,631,211,685,659,536,47,656,274,240,431,912,222,877,634,61,433,164,489,986,877,151,851,265,564,72,436,169,181,434,480,950,707,952,798,940,967,334,199,807,654,824,230,225,406,602,425,897,402,908,414,876,468,354,25,123,370,590,145,49,89,874,947,975,494,494,21,526,524,258,837,833,159,937,50,444,735,642,648,268,608,748,617,813,78,893,855,986,334,47,678,749,960,407,22,147,201,668,342,706,212,369,236,121,672,894,217,669,461,457,241,844,56,149,360,424,742,916,56,754,533,319,631,63,278,558,941,884,711,422,412,377,293,758,528,53,814,109,325,799,581,893,728,739,406,52,854,793,601,85,576,502,731,522,296,45,144,475,942,566,246,984,115,649,602,214,494,184,797,10,396,54,1,296,330,335,566,398,487,669,666,218,557,236,164,548,438,619,609,681,722,911,256,270,486,726,864,485,497,845,353,399,361,318,631,590,715,418,923,470,62,407,597,47,384,726,828,217,299,100,141,269,296,290,42,388,211,371,273,207,6,505,374,49,880,765,307,701,398,905,931,63,953,308,142,194,392,561,278,422,444,92,489,723,745,835,223,918,517,860,195,503,497,840,439,253,956,60,823,335,783,960,384,232,787,167,602,893,463,337,287,422,253,344,616,406,892,613,933,529,240,118,777,66,997,975,945,382,699,41,401,768,203,507,815,794,48,740,235,188,633,115,195,652,883,627,630,571,515,54,454,776,824,676,920,907,311,784,712,280,600,135,717,45,726,438,467,314,396,720,880,45,83,609,638,926,8,873,895,326,370,328,47,239,305,2,979,535,586,256,247,143,127,547,605,474,243,621,90,365,955,806,914,402,696,591,212,792,329,39,616,234,582,688,868,490,583,61,526,562,914,970,604,751,188,80,391,779,863,196,14,141,729,218,735,615,549,195,752,988,787,576,476,524,10,578,553,341
730:622,536,917,863,813,44,73,77,91,483,886,715,229,262,996,16,42,785,522,137,854,664,479,711,552,577,399,167,459,826,881,333,178,232,141,748,252,81,179,539,896,79,14,935,146,729,696,553,122,63,679,580,54,250,181,734,550,525,197,272,453,316,473,908,623,544,825,618,462,292,622,399,503,976,700,554,185,327,213,348,749,663,51,76,321,428,262,460,215,185,451,459,499,204,733,848,889,405,357,424,628,331,589,796,428,451,435,138,599,14,729,94,528,37,568,796,740,387,757,653,505,576,276,380,329,446,417,132,157,706,222,584,965,584,653,814,315,611,167,976,455,664,734,297,517,62,29,753,3,948,583,509,14,198,84,686,220,982,560,892,13,787,318,238,899,593,923,657,304,348,812,83,542,914,73,803,305,117,595,943,89,161,864,824,940,640,304,678,400,935,920,572,710,349,459,864,402,0,960,793,263,755,31,773,31,0,573,502,328,926,376,657,163,471,956,787,501,433,667,919,16,247,11,512,836,539,185,24,799,18,539,155,636,180,35,835,967,982,432,680,631,302,247,12,748,666,918,232,911,406,105,14,65,896,646,685,140,817,586,490,173,555,342,122,803,857,365,416,922,432,60,644,928,872,820,179,824,150,964,157,341,354,638,111,414,559,788,277,472,884,396,388,905,39,207,393,352,777,583,850,419,338,462,599,408,137,180,187,445,487,592,173,603,137,559,214,436,929,963,6,365,88,10,760,935,186,960,54,680,5,999,658,414,287,74,211,836,212,817,184,85,81,55,868,716,688,31,574,846,336,37,515,656,247,849,218,82,703,149,580,981,179,712,95,360,757,300,590,446,365,353,750,404,720,988,334,542,978,691,892,801,857,559,208,571,368,356,664,335,828,76,632,980,287,815,451,325,86,159,490,387,73,848,192,687,255,5,912,356,68,69,187,88,624,469,818,867,892,95,268,81,555,303,436,106,851,494,307,232,912,56,637,656,683,320,130,617,852,340,140,730,409,611,592,336,657,250,995,485,425,190,402,828,114,235,718,289,934,179,906,622,173,235,218,927,840,863,770,751,369,590,296,468,173,216,55,613,847,924,809,251,179,341,72,701,611,4,105,678,825,882,173,474,986,60,845,942,163,185,698,844,611,191,303,734,837,729,75,450,832,421,446,51,828,1,288,592,36,942,840,510,154,581,392,257,851,998,803,319,505,408,487,525,303,762,877,588,844,896,889,147,815,562,880,800,27,422,654,568,191,13,274,299,389,570,174,926,852,175,646,632,237,882,228,414,911,845,638,234,527,275,389,853,943,246,34,125,689,862,431,458,761,956,296,195,101,836,20,966,953,641,684,668,987,538,238,346,104,258,510,44,753,717,546,92,341,655,25,208,756,671,383,874,478,672,615,0,574,184,590,972,398,329,735,542,592,852,273,989,278,558,441,758,366,987,869,843,566,423,791,732,376,524,178,762,418,93,220,248,580,432,567,573,391,482,845,4,255,413,264,509,884,949,60,572,635,368,770,774,84,659,97,588,616,129,443,921,936,110,785,701,501,666,404,708,231,898,330,881,276,88,456,843,384,106,186,290,971,104,740,491,756,807,444,638,840,258,263,697,198,993,220,21,146,434,841,318,844,867,592,832,820,801,357,405,741,458,615,12,547
750:367,16,227,930,422,179,741,204,132,273,638,287,632,744,227,745,290,657,318,944,410,756,487,123,149,906,207,782,617,367,534,870,226,698,100,426,22,226,677,97,74,71,925,262,560,921,546,277,888,665,577,305,323,883,937,35,790,52,868,177,915,430,748,217,28,77,266,656,137,13,41,475,689,754,817,745,36,468,120,563,223,61,419,825,809,240,562,787,274,191,73,16,908,673,698,542,489,518,928,223,276,72,143,437,140,321,575,554,498,715,512,702,907,832,479,125,577,750,510,60,821,14,185,736,927,674,877,364,494,561,259,253,666,488,946,571,710,822,283,822,780,796,598,730,713,175,553,705,927,723,729,828,169,222,905,294,137,711,879,780,302,633,110,901,737,904,702,370,766,150,328,49,815,186,557,108,548,910,743,385,543,291,79,742,516,51,972,956,806,83,469,748,173,451,158,706,83,547,999,821,397,292,307,151,583,377,539,240,832,256,66,201,981,72,644,39,105,904,375,311,322,2,132,144,639,858,207,313,877,55,257,16,361,621,175,692,648,741,483,824,770,314,360,229,212,664,756,2,189,562,254,875,481,584,974,555,545,468,204,87,763,959,456,992,53,541,417,404,5,634,561,18,428,551,773,977,514,181,883,348,771,325,548,99,814,233,808,793,550,739,657,502,81,384,32,232,237,984,684,707,291,100,425,466,844,644,484,648,113,261,749,240,663,252,509,869,486,538,599,559,826,395,891,267,746,996,229,53,294,449,524,941,582,592,183,803,454,677,602,568,717,187,966,210,845,932,790,380,341,965,29,936,33,153,446,682,51,225,563,410,387,652,991,469,386,161,127,497,732,638,410,643,676,827,786,543,81,288,747,227,406,720,480,97,544,617,981,431,64,321,334,716,984,663,207,849,579,610,77,921,684,90,497,118,904,161,533,506,432,734,135,936,959,878,434,725,74,191,436,797,653,858,307,598,818,52,184,643,236,658,645,942,370,270,346,886,630,210,691,920,21,488,206,453,986,851,57,352,787,270,400,18,517,551,196,964,28,72,415,824,298,682,411,101,928,877,938,325,242,553,432,996,109,762,957,87,916,892,368,823,640,227,269,577,142,812,806,11,802,662,767,524,409,799,555,769,164,532,333,352,728,193,41,739,122,57,664,186,97,699,306,205,604,953,134,709,586,614,733,422,16,427,637,796,604,102,569,430,217,519,558,51,868,888,480,743,826,505,626,242,484,534,621,238,187,621,352,316,478,447,773,681,739,387,629,650,289,161,17,241,571,770,369,810,721,537,914,727,265,550,312,867,83,79,236,935,665,115,486,488,325,893,491,113,309,105,969,402,466,942,24,229,487,152,187,96,684,209,668,44,489,675,893,545,648,52,738,660,483,975,693,870,85,619,137,146,229,834,920,74,500,144,864,663,656,574,624,979,969,578,24,236,896,837,534,776,144,136,53,8,548,124,312,562,400,5,493,895,508,554,508,317,947,435,878,298,410,687,763,694,3,537,43,27,329,927,774,956,54,439,584,815,49,646,772,744,339,959,945,916,704,452,906,47,930,987,542,258,137,296,624,548,424,387,346,476,865,182,18,336,152,222,487,837,276,939,292,492,266,413,250,797,596,469,597,195,575,677,213,204,378,773,380,691,170,83,911,459,362,862,118,314,528,127,469,631,99,837,789,666,152,956,181,47,788,280,313,463,980,108
770:973,851,536,473,347,45,230,13,16,541,922,338,597,276,971,352,16,513,369,657,395,342,971,494,92,286,293,531,692,709,270,187,156,356,919,329,784,871,727,293,367,469,884,400,547,651,957,188,195,774,403,42,416,259,581,353,549,676,698,672,415,474,112,936,372,50,44,809,584,789,475,0,138,175,493,905,941,404,393,799,130,330,563,949,27,279,755,864,699,720,431,643,193,842,368,438,458,225,266,924,246,779,516,584,83,232,104,420,22,137,925,205,761,921,807,142,222,36,288,815,169,523,720,513,91,953,984,81,283,622,437,367,503,645,615,859,912,331,1,843,523,591,283,834,380,985,738,248,918,608,842,322,605,491,778,902,372,635,485,942,577,132,777,6,526,751,960,459,316,461,516,611,200,746,312,595,231,187,625,440,838,541,683,93,129,196,200,70,845,388,355,695,170,96,475,845,896,981,755,118,914,697,54,655,192,374,631,90,406,45,463,490,850,784,456,61,155,961,830,252,733,304,70,546,537,53,502,935,336,210,507,120,920,564,306,228,112,494,270,949,805,626,224,281,967,221,797,573,358,574,137,437,694,171,209,402,977,607,750,584,211,356,189,211,641,137,596,134,251,224,991,887,225,207,984,642,905,624,381,80,942,119,868,740,116,920,33,699,184,227,312,93,309,637,869,812,129,476,600,824,110,582,591,644,324,311,644,153,83,453,6,908,998,289,51,151,300,261,730,249,601,28,742,914,273,715,919,456,372,746,731,663,212,806,594,656,723,998,415,865,538,312,970,109,580,352,978,943,234,300,832,32,471,31,990,803,803,688,399,802,685,126,288,183,18,746,804,896,866,833,69,943,145,125,734,45,515,471,998,523,745,355,950,701,272,343,604,395,488,81,664,13,946,357,939,435,51,536,664,798,125,155,843,215,237,207,766,713,215,866,178,989,949,804,274,987,591,577,954,255,940,578,503,359,318,202,265,168,900,634,123,952,617,793,156,108,233,596,885,142,540,270,18,778,427,20,254,877,744,248,390,627,802,687,496,748,637,177,669,690,488,661,361,337,312,558,284,683,370,790,984,991,230,390,906,973,287,455,774,217,78,648,52,194,527,380,495,502,123,439,963,484,684,629,614,621,399,535,439,103,740,755,891,304,689,966,919,99,420,97,440,314,15,646,966,729,318,141,87,355,156,823,192,643,363,886,213,192,107,23,378,262,129,757,370,37,225,75,140,640,887,622,230,861,182,477,514,380,787,342,533,805,28,158,70,754,162,700,372,878,14,754,136,729,824,449,209,978,754,672,254,760,491,250,518,972,935,241,115,974,484,82,869,402,111,375,667,959,741,442,645,68,126,117,109,975,499,267,499,332,256,962,247,438,837,200,266,301,678,559,581,556,242,303,595,965,1,838,699,108,87,398,917,389,245,707,317,794,782,423,893,621,991,20,333,582,280,542,534,690,47,634,213,273,836,471,291,282,374,232,64,853,868,778,527,140,241,480,789,767,966,273,459,331,227,115,980,966,657,470,520,369,118,903,982,218,667,79,296,493,930,664,112,23,289,588,33,175,428,49,352,226,975,869,569,625,320,578,918,840,851,926,842,797,775,257,924,211,6,420,319,75,826,459,510,686,994,102,885,529,196,410,786,894,428,998,627,915,11,261,505,857,251,512,721,530,582,317,972,168,911,872,980,807,768,92,183,150,362,621,504,967,579,869,88,504,74,242,532,341,310,769,112,652,692,529,809,501,391,646
790:992,244,698,416,467,268,137,55,333,298,262,6,270,515,599,57,389,451,20,684,225,211,718,49,519,454,475,181,502,608,286,832,750,508,212,64,423,632,825,161,886,271,545,131,18,803,139,647,581,412,815,583,542,594,439,521,931,763,740,24,203,81,376,680,58,499,816,460,61,558,45,421,477,16,0,425,290,665,474,837,116,887,142,296,574,924,294,214,863,110,506,406,237,851,863,577,622,262,251,399,97,683,503,480,287,650,286,83,728,387,570,463,751,591,14,915,751,527,909,548,23,948,609,443,840,994,560,904,384,969,265,927,263,97,660,565,943,929,88,143,809,748,910,455,353,298,226,749,475,278,906,958,695,745,230,283,504,778,199,912,827,959,997,479,643,589,649,880,209,881,601,160,144,281,338,540,175,57,255,984,727,645,839,224,652,672,389,961,329,591,17,885,796,374,604,882,640,356,512,686,505,957,774,929,763,628,545,783,779,579,176,729,335,169,361,694,401,614,849,843,982,422,840,532,397,15,521,237,11,641,519,411,988,938,402,520,596,539,625,166,731,986,26,883,94,428,733,805,650,487,46,651,948,105,913,600,524,881,672,5,824,848,792,505,333,3,162,751,16,944,749,117,290,435,368,852,322,284,437,553,828,102,146,735,31,646,1,430,349,142,23,676,59,653,17,518,376,613,498,764,523,857,785,470,517,705,175,975,493,251,671,261,578,992,102,33,979,488,690,25,378,90,71,543,560,277,460,78,346,556,261,609,408,945,873,584,494,57,155,559,724,727,766,597,16,608,745,110,883,267,90,469,657,19,878,570,274,530,15,684,117,747,39,523,701,92,641,868,203,7,631,226,690,179,245,829,850,412,156,2,589,867,443,399,709,339,608,249,126,730,669,4,544,607,645,462,196,230,253,56,807,718,447,498,573,724,226,850,725,109,22,481,635,197,11,930,739,415,785,912,192,847,881,555,676,780,939,486,306,748,409,608,943,963,736,116,663,300,871,976,668,194,736,615,97,323,812,291,813,98,363,267,675,951,801,604,895,133,220,887,458,873,697,903,182,458,750,597,477,712,418,402,523,685,185,728,317,35,396,501,249,329,277,909,837,406,624,219,987,512,548,276,18,800,65,41,496,6,684,399,939,861,550,716,23,59,355,79,985,760,245,925,315,216,497,948,368,358,609,357,487,894,521,179,828,223,661,19,321,316,159,159,773,766,231,194,603,496,602,890,363,94,85,645,333,754,755,546,73,228,834,870,660,182,252,655,261,713,905,104,254,32,674,473,502,559,704,506,155,255,827,716,388,209,767,884,93,380,544,397,588,837,486,960,944,978,947,595,369,859,98,348,586,141,626,632,179,676,783,957,931,429,170,240,147,461,294,179,246,233,828,999,220,940,417,730,550,646,322,460,188,551,386,652,657,896,986,730,256,313,823,689,976,653,154,179,875,175,8,264,252,183,162,925,311,644,775,237,402,424,780,871,17,27,622,851,976,292,727,66,481,139,524,225,949,364,703,601,743,441,512,407,836,96,806,835,527,995,4,415,897,690,278,694,277,705,746,822,930,991,556,403,457,677,66,506,406,70,366,303,116,169,506,91,761,224,725,125,681,325,460,964,750,760,52,638,100,247,483,144,675,331,806,699,5,18,589,687,600,590,539,7,470,666,490,520,639,244,931,199,312,180,802,278,613,727,624,339,610,536,787,542,375,28,872,324,706,784,433,420,30,834,529,326,192,824,611,403,651,888,715,741,314,726,412,715,778,283,385,121,658,344,847,234,451,487,919,355,425,354
810:834,494,740,187,693,375,232,487,315,615,535,160,338,778,265,957,653,239,946,832,89,564,938,276,20,659,290,680,727,61,497,293,140,9,494,40,170,968,384,252,909,497,425,975,787,860,402,799,850,461,896,177,284,23,620,630,300,99,320,291,451,452,116,99,315,319,105,675,693,108,893,321,989,267,317,626,755,334,57,255,885,361,0,723,71,664,429,548,157,390,433,187,935,445,744,746,723,702,344,537,401,598,411,92,543,484,845,597,629,427,729,849,811,936,159,26,854,162,352,593,305,888,530,101,232,267,782,4,496,842,895,277,563,532,789,328,855,318,519,91,54,968,872,881,248,102,168,617,116,848,619,41,494,510,62,932,970,884,501,447,238,854,2,412,118,312,233,233,977,61,215,97,561,850,712,396,32,413,159,941,966,415,776,368,230,628,697,966,336,75,640,886,258,798,806,578,775,376,281,707,465,973,519,330,11,243,142,132,655,523,824,985,943,60,628,498,279,388,280,764,151,419,258,245,782,711,22,338,761,390,282,147,388,187,469,715,511,40,237,599,602,140,120,307,339,537,979,899,932,652,966,277,666,290,568,577,815,420,550,73,409,95,679,723,132,771,836,984,90,325,899,200,587,202,938,580,631,715,880,680,160,296,247,155,45,802,598,636,217,954,595,51,227,143,326,377,542,735,104,572,552,846,770,355,471,100,370,491,703,278,448,236,249,723,264,155,926,721,416,772,721,715,8,707,690,58,441,768,206,206,406,581,28,518,687,732,651,27,941,722,478,926,960,67,490,561,595,344,950,81,905,20,929,438,329,518,802,196,525,699,128,641,145,324,234,507,182,192,65,221,318,358,993,430,33,217,822,751,638,631,444,599,326,808,902,197,219,432,208,48,806,505,329,814,413,416,791,0,795,825,166,686,809,202,468,948,98,50,187,520,925,916,410,263,907,924,317,316,232,132,16,268,583,491,755,432,374,971,63,432,273,837,79,905,282,451,281,371,182,890,764,625,154,803,556,5,628,628,376,223,822,679,637,90,870,166,715,980,625,698,933,760,285,871,902,178,814,637,543,582,96,462,629,733,43,935,111,613,501,844,77,251,609,813,636,112,517,359,806,502,705,224,358,717,371,643,969,462,112,332,208,274,781,728,594,464,179,244,254,315,521,793,334,148,707,97,888,720,49,521,230,192,866,842,781,873,703,205,482,480,428,251,552,500,505,238,927,759,879,528,342,194,821,942,521,13,626,320,45,992,981,336,856,752,473,196,735,337,140,274,463,172,782,343,380,190,927,571,736,85,865,229,803,856,901,215,512,354,385,141,185,818,679,696,961,26,769,793,671,609,688,836,242,287,139,459,752,61,908,531,993,903,599,903,712,47,653,352,329,919,389,534,477,979,273,389,763,512,870,350,610,13,301,65,985,845,134,420,983,781,533,259,278,856,373,780,209,533,872,45,807,761,872,989,160,631,656,563,356,873,68,959,851,937,447,323,223,152,348,14,573,282,932,29,403,813,53,870,427,444,155,58,101,204,216,646,396,962,480,87,958,894,880,607,503,113,260,128,231,342,55,628,351,872,677,159,756,448,5,10,962,305,986,884,577,43,425,6,749,967,748,92,679,101,589,595,241,352,198,331,847,699,949,875,601,307,158,764,581,808,8,859,81,352,561,382,230,282,5,209,368,524,250,525,954,234,887,119,662,396,307,537,530,674,689,199,54,606,337,975,978,926,778,886,85,581,44,547,680,414,946,787,0,692,580,960,674,664,659,806,921,903,221,572,332,287,296,827,867,15,147,551,431,840,768,734,273,868,726,25,626,698,275,503,978,666,823,281,813,683
830:675,605,839,742,824,954,888,103,797,892,347,280,560,341,872,914,565,561,234,985,100,44,946,802,13,794,962,556,7,330,734,24,269,328,364,310,362,293,244,405,476,118,947,615,939,158,754,351,645,585,459,392,946,390,419,867,58,111,707,916,975,864,184,362,917,602,203,17,549,699,475,302,81,508,726,974,722,855,63,155,245,906,689,812,740,868,689,336,640,515,313,351,924,688,497,293,613,536,984,996,974,695,145,157,633,659,137,370,895,738,756,867,288,354,695,291,445,443,856,86,474,114,777,521,818,389,300,886,699,622,825,379,17,502,194,230,430,775,151,855,527,205,373,562,378,370,682,327,963,510,60,984,541,400,263,678,821,443,901,632,827,55,663,442,298,242,914,774,423,491,725,481,318,115,831,868,87,217,477,606,200,209,529,914,684,840,566,146,33,494,128,344,135,168,768,269,348,976,989,336,421,332,534,988,735,681,580,302,420,985,45,746,632,864,83,697,715,70,467,329,169,186,137,617,701,52,416,391,461,253,511,337,918,750,935,172,879,393,706,916,628,279,142,184,9,815,398,601,750,528,569,775,434,707,491,592,416,888,218,894,407,724,4,92,973,148,492,461,691,112,147,616,35,639,179,652,837,618,782,452,882,440,509,64,40,222,636,112,140,504,91,380,94,41,888,757,126,307,784,450,364,11,340,96,621,884,640,914,258,454,543,344,10,611,282,639,919,86,159,405,950,656,870,335,576,872,247,73,790,678,191,721,225,213,98,488,671,779,114,862,162,790,37,457,194,156,773,578,323,303,152,52,753,187,864,769,863,381,925,379,776,379,790,428,212,586,199,923,828,23,765,276,641,958,660,546,815,496,49,299,79,285,140,64,185,838,348,967,984,293,335,728,488,107,985,176,363,46,281,525,104,397,68,15,573,282,297,959,899,779,563,807,976,980,269,310,947,4,407,38,847,362,407,27,362,821,307,202,200,493,27,251,112,585,395,509,808,230,342,133,724,728,118,338,210,304,128,512,217,963,717,984,752,730,978,816,507,275,193,708,639,836,712,864,191,207,272,208,519,302,552,95,526,516,151,665,257,462,305,837,529,396,265,754,246,144,188,484,406,266,870,995,398,773,294,409,353,234,252,286,670,703,395,506,723,651,962,30,400,512,388,527,311,518,423,991,799,192,906,466,767,149,447,443,95,318,16,521,587,855,997,761,289,395,820,409,665,112,666,925,852,252,653,410,925,11,548,637,645,278,110,127,323,706,943,808,31,946,97,236,863,425,615,702,811,592,653,224,939,280,155,500,417,269,136,50,105,328,340,415,917,199,821,86,996,634,59,446,10,21,591,527,267,573,382,81,985,977,51,284,798,167,18,678,691,719,858,4,822,528,378,408,186,645,116,115,152,692,982,552,668,443,133,445,123,927,252,478,327,66,763,776,389,200,523,223,270,239,373,780,721,936,770,862,698,294,445,243,675,106,133,260,720,384,639,347,833,570,400,553,713,248,439,880,28,200,913,794,789,263,774,253,44,452,161,323,663,541,102,610,368,97,523,116,844,545,473,724,131,547,20,70,707,549,765,201,759,611,953,301,269,669,610,787,901,863,75,53,486,878,817,402,538,452,757,182,938,681,38,244,796,502,980,577,24,255,39,151,251,684,6,610,938,115,827,754,432,166,859,142,866,789,972,81,16,136,775,268,430,284,604,328,913,831,853,750,141,896,171,629,90,48,252,190,768,583,471,167,775,293,854,715,73,598,641,627,883,81,52,627,686,197,902,227,412,745,858,632,278,926,67,247,363,746,33,53,786,276,344,654,536,848,31,248,149,766,494,651,1,363,656,303,84,963,144,418,43,664,952,245,639,876,309,17,383,608,790,163,749,999
850:540,898,638,434,691,41,883,840,821,549,949,433,776,820,741,335,334,776,146,578,699,791,267,958,644,8,196,676,794,612,941,842,285,775,974,103,37,738,359,927,236,38,811,807,32,126,845,182,940,953,979,153,302,883,159,281,931,280,693,786,991,500,982,883,249,250,778,509,810,590,141,401,390,137,864,571,203,97,448,317,806,482,268,393,590,957,399,375,504,900,254,391,809,991,876,60,106,374,56,302,149,67,816,9,6,314,271,447,981,369,706,183,720,726,760,344,566,466,199,470,678,552,380,935,333,425,842,491,86,583,844,646,755,92,877,220,402,894,684,519,956,657,38,408,391,138,315,760,338,908,203,593,329,617,825,478,478,789,909,891,311,154,448,683,688,260,72,380,501,977,92,577,393,239,681,692,965,377,162,925,192,935,454,716,212,322,563,871,433,121,289,560,771,474,842,454,167,112,333,55,451,158,921,215,947,157,159,559,311,904,344,693,625,1,277,155,573,959,894,183,210,447,346,535,141,492,197,678,900,437,176,119,976,929,97,45,467,577,555,501,81,490,281,186,484,21,524,458,567,989,549,913,516,309,515,410,881,91,221,677,524,629,676,794,736,414,408,833,856,581,835,43,351,627,914,840,346,47,623,566,734,855,76,274,459,341,114,815,946,516,47,328,219,493,86,787,70,82,656,213,131,174,185,84,750,544,510,828,178,786,753,697,694,226,623,262,908,268,745,73,550,145,806,595,268,689,690,967,48,721,295,861,483,544,706,220,584,428,281,394,478,540,824,201,187,57,706,217,571,606,541,587,56,321,54,889,75,509,228,88,601,109,728,895,74,655,10,991,626,483,479,462,338,743,518,905,985,840,434,158,211,591,409,812,276,685,700,559,958,285,263,571,965,957,152,901,996,863,220,457,601,194,853,451,947,408,200,725,388,396,546,794,457,59,819,893,734,172,74,73,334,844,136,813,912,514,770,611,278,268,885,54,215,548,382,534,460,283,481,594,408,777,23,896,448,142,125,75,794,391,47,866,162,656,547,713,118,66,730,262,923,922,49,19,10,46,150,931,674,260,111,826,537,601,155,517,909,139,196,187,52,132,92,775,115,427,612,571,196,969,956,298,232,940,68,202,284,907,737,997,193,207,60,219,443,154,484,405,115,280,932,952,0,670,54,411,904,987,31,607,804,321,588,243,169,712,50,753,603,8,732,169,564,120,285,991,250,24,661,427,695,119,24,725,786,554,402,547,570,730,711,961,315,913,967,380,345,304,926,835,729,720,426,826,263,35,149,348,450,686,307,732,916,886,261,480,710,539,340,851,616,829,521,94,21,962,336,602,829,434,614,212,676,887,799,773,832,148,2,533,455,392,313,620,807,407,775,621,112,478,302,391,124,121,425,832,894,250,980,65,624,520,44,872,702,594,688,398,672,470,526,910,22,299,675,502,819,519,242,46,404,302,70,322,818,920,635,413,74,821,134,604,30,359,988,220,613,828,536,281,301,735,542,892,73,954,829,223,973,634,210,48,326,887,799,809,71,127,386,928,78,182,977,424,565,475,108,250,60,826,683,593,851,665,990,481,229,618,572,523,137,972,138,160,458,438,781,775,246,889,955,245,676,433,404,728,926,200,622,704,790,423,182,187,429,626,250,723,607,702,18,101,490,545,216,425,12,750,125,129,700,852,778,912,793,834,920,33,8,434,543,441,961,31,611,642,32,972,941,5,209,522,614,530,588,85,590,327,417,868,402,931,949,555,163,14,74,303,867,831,60,909,547,849,280,327,608,131,15,668,45,435,888,99,713,62,148,444,264,846,291,747,328,328,660,417,866,657,577,105,232,118,553,412,870,828,383,506,153,706,119,790,404,609,417,452,329,156,318,697,820,58,399,367,243,734,998,988,906,343,980,726,372,385,185,461,547,399,577,253
870:512,50,996,814,774,99,846,481,801,921,949,370,260,32,866,317,904,470,662,958,80,331,717,873,737,716,240,58,864,348,60,387,355,952,992,680,665,445,557,31,461,497,486,473,757,802,198,952,498,719,408,501,696,649,522,527,101,813,451,833,423,985,835,408,165,592,442,399,551,460,776,202,42,647,204,612,931,646,336,437,269,819,969,483,22,509,605,315,731,654,141,444,740,97,122,833,307,901,204,385,589,91,549,309,427,776,588,733,954,895,453,471,998,167,621,133,774,11,348,873,936,500,699,368,333,960,821,17,431,92,770,617,463,78,174,852,332,544,721,465,501,473,127,82,512,46,927,399,75,496,57,646,39,530,513,417,84,146,40,421,199,737,457,882,25,801,985,555,793,218,96,452,346,256,684,459,351,829,300,405,826,591,106,78,132,709,530,467,534,491,511,880,751,56,973,617,254,752,1,991,879,627,84,218,499,393,382,717,335,168,272,547,879,907,82,963,907,865,858,330,615,160,310,390,361,420,777,115,940,791,625,572,209,534,602,567,645,574,939,317,821,906,341,388,509,730,668,827,913,713,62,538,547,571,281,68,571,121,945,866,805,195,927,549,699,928,661,31,67,197,901,454,452,632,538,550,178,111,430,698,297,618,314,863,293,906,116,917,664,525,403,331,61,375,30,718,410,789,114,853,515,769,946,932,176,358,793,988,808,143,139,35,215,888,185,157,419,696,379,718,212,962,840,362,874,390,73,964,25,289,764,207,135,742,973,956,182,375,846,25,708,396,246,394,839,806,592,519,503,289,186,186,676,180,654,235,78,246,822,450,28,303,840,0,604,0,937,978,208,0,742,74,434,244,253,372,510,961,842,491,366,289,534,789,771,16,681,522,574,219,136,764,215,356,426,731,309,475,132,424,780,84,133,404,221,585,979,988,711,845,724,979,91,981,337,892,485,82,188,794,214,911,499,711,959,635,309,421,376,364,385,468,110,289,6,649,899,457,860,351,726,397,697,44,916,911,8,795,511,382,780,873,882,159,947,294,695,738,85,530,575,525,468,970,921,785,461,670,662,863,316,760,64,694,886,178,267,389,447,28,84,15,389,34,550,200,628,54,163,722,271,991,135,20,888,237,0,592,191,503,794,672,495,91,488,60,358,850,613,858,979,621,240,202,585,464,581,93,130,354,336,122,191,486,900,700,611,833,674,868,432,8,845,734,921,29,426,322,22,77,869,354,886,322,367,171,447,848,68,58,17,558,744,332,704,900,626,121,88,851,888,614,323,204,42,830,686,465,971,365,458,330,153,489,765,846,878,901,569,735,655,715,77,863,273,421,767,52,516,456,107,230,984,909,557,713,868,725,138,44,549,785,845,156,499,51,605,493,992,309,283,31,505,588,554,721,279,376,183,452,823,299,488,374,429,619,265,882,992,510,409,745,966,585,107,431,448,61,736,676,65,934,546,341,0,865,132,566,468,306,133,263,759,608,931,688,179,229,956,314,74,301,903,796,42,50,929,583,204,457,36,110,549,606,154,317,278,719,735,196,534,191,708,344,232,233,80,760,303,87,929,735,853,574,160,274,155,416,99,951,643,821,715,88,441,254,94,667,104,529,855,927,585,474,649,525,357,236,795,536,748,124,205,659,767,205,32,734,743,662,780,364,432,372,475,541,952,525,930,474,746,75,384,922,399,24,607,744,276,260,400,727,798,873,875,51,322,743,291,237,49,457,240,795,56,778,654,705,838,885,747,360,767,929,566,657,190,117,259,335,855,573,83,542,842,601,856,619,819,550,902,754,126,388,620,342,247,820,394,113,728,603,53,176,20,463,822,681,241,492,536,396,235,764,624,443,418,633,935,431,773,312,907,505,144,660,324,186,617,508,626,944,681,154,835,77,718,705,82,381,700,250,411,956,779,971,571,41,228,845,405,891,798,928,855,735,901,709,523,979,458,544,593,298,581,440,874,77,758,572
890:183,994,660,891,800,171,109,960,448,61,236,753,46,387,72,602,23,583,985,579,342,741,37,450,909,476,409,966,205,490,211,538,954,507,460,66,778,13,483,726,708,50,212,720,341,523,808,730,173,470,486,345,968,12,359,880,857,50,863,659,489,697,679,633,877,268,968,772,989,942,26,57,417,741,730,998,398,391,642,797,934,983,434,284,630,452,716,653,513,607,997,281,289,854,8,388,157,842,860,493,646,937,542,165,396,217,113,409,694,2,441,733,543,151,896,807,907,233,928,78,760,863,311,77,850,973,704,295,783,456,525,192,665,124,338,678,273,546,966,683,41,946,747,920,610,288,324,255,204,46,94,133,196,446,503,378,191,546,851,462,917,402,486,258,225,793,716,353,453,405,363,505,154,905,682,889,909,641,275,512,500,553,499,695,912,233,339,133,829,833,535,54,125,381,635,351,579,910,742,440,706,53,790,678,206,812,443,908,882,3,552,365,784,740,379,89,0,820,518,106,392,806,30,466,977,205,929,682,394,197,173,241,862,175,515,711,88,752,906,85,767,436,375,156,596,964,786,454,288,490,309,588,155,756,565,765,199,629,59,368,531,636,12,495,931,422,412,808,789,903,922,944,550,256,845,942,603,717,76,202,500,671,186,376,954,745,976,797,785,897,589,917,945,613,681,310,166,246,103,108,944,886,32,818,485,410,908,594,993,780,324,49,240,535,587,130,242,527,99,789,69,581,139,212,657,653,598,690,20,364,311,392,798,737,696,470,270,654,35,578,603,819,183,967,864,735,76,533,703,268,593,977,998,22,18,858,862,800,600,191,791,692,537,736,394,804,166,423,479,241,91,507,805,711,17,881,360,99,47,838,420,378,24,678,823,952,85,74,925,762,67,882,197,264,879,815,713,106,470,987,723,870,706,368,74,787,958,465,580,182,778,617,605,198,794,670,838,182,8,970,569,230,307,78,257,686,487,682,150,561,979,573,709,42,930,342,487,749,113,749,664,4,248,729,823,452,508,551,390,236,920,643,487,554,635,679,342,154,381,133,998,651,443,602,915,728,938,601,727,432,232,576,688,346,605,723,126,784,889,580,426,175,296,612,202,177,600,985,138,119,195,787,396,926,360,628,624,260,243,804,430,255,573,702,632,299,462,987,797,886,902,849,376,714,996,303,55,134,142,168,168,65,951,873,101,812,710,593,344,907,371,468,394,752,292,868,980,955,366,980,489,650,712,650,315,465,528,337,682,135,361,520,939,925,388,667,373,906,379,771,183,832,821,85,116,717,867,852,457,943,681,979,21,800,913,51,655,841,65,469,726,174,700,542,897,478,30,580,383,525,337,480,712,503,293,874,395,331,492,395,465,394,476,436,742,67,477,193,584,781,498,209,47,440,428,380,989,816,818,129,983,135,765,723,681,613,512,64,529,719,173,158,425,113,114,370,679,737,266,382,618,314,671,374,235,809,494,648,859,496,707,918,291,941,339,833,269,910,65,323,2,475,840,952,981,935,319,210,309,84,730,152,609,531,581,107,59,277,435,941,486,681,301,374,204,515,47,756,192,892,972,718,187,172,993,309,234,473,479,664,116,538,114,818,457,340,991,874,901,632,898,735,452,880,453,150,816,60,580,393,350,606,733,662,279,886,486,505,546,50,887,855,175,29,382,816,38,282,497,280,469,62,565,930,816,8,725,753,867,838,199,285,971,813,513,550,387,108,585,89,491,894,162,436,178,66,289,670,836,233,47,112,358,355,514,587,510,286,348,125,88,868,876,827,595,807,339,36,427,276,255,215,495,2,852,90,610,109,833,849,975,115,222,471,685,331,395,844,882,701,619,923,596,497,559,303,18,656,439,178,354,737,644,729,260,257,737,998,642,146,8,603,883,798,489,97,429,921,812,387,32,121,751,818,818,491,68,557,261,434,650,100,148,518,732,346,948,631,494,228,480,37,131,234,428,406,220,297,923,835,699,91,132,919,981,484,415,332,702,553,606,788,663,471,6,761,18,45,445,993
910:414,272,845,410,414,857,854,758,219,188,274,51,234,680,834,426,593,550,902,513,298,744,610,935,290,615,116,484,835,513,425,587,541,85,847,861,620,76,429,874,883,606,639,70,654,638,774,830,733,715,452,222,532,28,477,361,863,80,641,612,459,79,102,767,216,808,522,817,163,31,598,15,703,554,150,584,11,57,404,440,271,705,749,15,968,707,163,430,707,21,458,557,30,68,894,172,274,340,161,356,685,775,251,432,347,566,913,550,469,278,32,628,314,689,428,0,577,432,441,849,41,747,522,539,864,645,239,787,655,246,913,328,31,838,985,898,716,539,671,738,551,56,23,660,10,362,461,949,781,911,745,358,69,613,509,818,908,173,860,402,188,866,221,90,756,242,348,408,645,960,410,336,222,98,75,695,308,774,237,570,14,444,336,562,684,600,681,422,903,504,176,309,499,460,834,895,26,414,609,254,234,183,750,326,326,202,145,582,51,306,880,707,872,972,75,744,57,240,368,323,797,2,177,86,978,207,3,289,291,14,162,921,696,748,176,255,507,276,853,503,275,977,209,51,81,657,972,660,608,1,686,629,682,383,298,588,805,184,605,13,820,134,981,460,657,764,92,551,81,146,996,638,768,424,348,432,387,521,529,131,45,302,520,703,761,699,79,56,326,546,395,719,601,234,476,228,395,131,485,9,147,369,208,957,143,275,566,668,580,719,156,552,597,60,25,359,951,27,52,392,267,394,594,130,741,158,461,804,466,261,544,43,598,174,478,411,43,485,875,300,78,575,906,560,907,382,222,383,568,353,757,608,407,900,197,380,357,887,690,328,320,397,104,399,718,292,827,113,864,723,102,421,461,445,400,966,67,497,290,28,888,987,525,426,727,651,673,432,734,776,929,613,323,600,474,826,383,927,297,693,907,825,724,9,407,37,481,383,425,609,954,299,739,180,858,373,149,612,682,273,897,125,116,78,694,106,665,672,92,427,822,699,335,427,224,445,558,84,240,285,178,153,34,30,484,552,807,890,399,411,883,69,61,122,889,408,262,702,594,133,658,332,284,638,328,892,159,285,623,541,419,415,625,574,973,938,576,972,304,583,569,483,416,558,253,99,370,678,677,649,816,621,430,70,273,602,930,656,156,212,294,955,764,798,27,612,239,51,147,122,905,264,149,841,119,770,500,588,965,260,609,854,864,244,113,790,455,819,146,461,804,552,743,12,473,225,362,55,294,997,633,400,310,712,961,865,57,443,927,282,493,255,694,131,301,998,490,782,276,679,491,757,346,68,885,539,997,97,340,186,595,251,621,88,524,931,600,902,268,598,218,72,774,474,294,578,788,831,75,748,754,383,273,4,507,507,37,453,172,868,68,569,716,427,437,400,269,965,598,541,292,575,344,473,515,530,599,991,697,898,617,947,607,305,441,440,659,547,931,996,9,909,623,474,789,463,59,555,454,660,880,450,20,978,143,371,410,714,4,287,198,917,248,247,934,576,805,27,637,718,955,30,978,833,224,575,873,677,667,542,299,697,449,888,401,459,673,130,54,926,242,710,666,946,468,949,2,361,243,49,845,145,384,669,130,971,899,708,605,895,467,691,288,642,557,732,934,37,371,96,387,507,555,464,671,455,193,671,881,959,103,663,360,617,672,567,421,120,628,439,652,915,301,288,714,426,161,170,840,910,280,66,53,4,397,960,762,446,114,907,294,70,348,849,562,704,725,135,879,35,272,546,155,691,551,511,875,150,616,317,314,512,542,533,240,958,340,251,134,996,940,580,973,523,669,139,174,979,244,874,668,304,49,513,549,740,834,246,632,73,846,42,513,353,383,852,256,156,858,428,375,205,299,86,810,290,169,112,480,814,104,290,648,916,438,937,743,330,389,224,206,696,807,820,160,99,240,251,49,19,165,504,866,205,58,877,872,725,409,245,654,796,39,460,479,738,912,990,677,289,787,497,327,917,832,505,588,507,85,278,479,101,784,259,843,104,775,693,93,634,451,118,609,619,883,405,517,919,237,452,162,901,159,78,752,215,508,955,217,590,250,977,518,377,767,512,821,58,740,762
930:356,429,90,270,455,526,249,584,366,790,824,798,586,361,46,73,14,487,439,342,946,750,794,96,738,520,135,236,629,742,678,465,73,297,890,826,692,696,413,561,110,875,173,857,546,323,172,528,531,460,245,727,395,512,258,728,671,553,939,515,206,714,281,781,696,466,16,653,300,431,906,548,609,571,145,521,750,757,13,758,669,455,795,250,57,31,142,852,865,317,383,104,309,240,336,458,661,237,559,404,57,381,46,413,827,929,551,673,145,205,532,615,558,246,676,427,352,625,698,272,108,314,160,249,277,654,753,652,900,701,667,739,34,63,923,865,0,706,283,230,23,581,358,503,700,404,140,693,427,361,225,792,756,779,64,983,523,950,174,583,97,583,57,670,81,529,686,450,581,809,465,635,941,482,943,658,441,78,344,237,31,739,89,616,470,653,253,49,803,373,603,143,680,414,547,904,554,431,931,734,332,122,790,878,727,345,995,885,531,735,819,318,479,250,996,284,108,667,539,401,840,191,694,985,262,942,759,142,210,669,381,696,610,82,821,664,600,804,949,810,957,220,777,693,824,731,183,57,275,210,788,515,270,400,210,263,461,300,649,835,692,951,385,436,259,108,482,8,509,152,67,751,450,776,351,174,285,75,973,849,543,845,846,349,882,436,210,455,10,331,795,956,717,529,643,30,284,605,386,264,617,696,567,167,872,439,719,885,883,900,188,842,861,536,260,441,232,703,651,476,169,568,179,893,905,143,47,875,375,520,63,861,433,330,38,318,426,398,711,709,925,587,574,343,527,656,643,27,963,461,649,282,607,310,524,802,139,12,921,477,682,10,95,202,440,481,235,496,348,664,459,378,104,508,144,396,987,400,374,945,39,233,623,14,182,465,851,806,335,406,204,850,135,365,662,668,723,384,452,121,74,714,117,514,983,211,238,221,611,509,345,429,737,521,106,786,123,382,930,5,443,367,389,293,443,160,879,143,798,445,35,286,527,495,235,247,615,140,323,47,709,762,696,283,605,975,263,860,475,256,23,501,88,836,216,482,219,836,741,991,788,802,13,50,945,459,240,742,139,323,637,956,523,947,536,16,718,513,535,398,160,364,982,944,812,521,601,781,361,280,79,207,289,749,222,240,523,387,985,114,344,243,670,890,107,309,411,160,73,497,65,590,503,925,225,387,355,587,731,194,579,421,406,20,210,240,706,766,433,162,56,80,490,314,275,12,943,355,472,967,401,732,120,23,69,903,494,897,176,428,452,558,404,233,624,313,482,424,804,504,127,285,979,468,572,954,727,934,333,554,152,360,347,878,591,886,124,919,824,655,920,505,350,780,511,407,784,851,230,449,457,920,417,167,646,993,610,921,816,140,119,389,777,840,898,563,27,181,146,968,724,689,222,389,302,487,834,420,698,678,442,343,309,275,971,685,43,420,969,409,720,83,459,600,630,531,587,439,912,897,705,31,316,386,111,854,255,149,752,523,211,613,745,582,732,94,401,161,160,465,53,943,324,181,60,80,827,236,945,654,777,359,271,303,998,479,751,655,471,825,60,585,606,629,704,505,185,916,711,498,368,547,441,447,432,624,758,712,885,288,321,843,732,178,167,20,878,676,73,651,112,872,908,209,439,914,906,702,609,81,41,433,151,823,642,397,951,239,676,925,510,642,711,836,59,926,740,387,430,708,809,88,183,332,339,535,211,279,460,424,392,737,420,124,962,881,635,101,927,870,372,258,852,583,654,356,475,927,564,615,828,268,4,800,224,99,29,488,996,441,465,562,74,472,754,575,364,308,385,523,58,305,209,867,435,971,274,718,271,602,378,661,187,472,333,584,238,887,277,183,272,460,470,881,683,930,240,901,769,869,199,123,605,524,15,749,30,634,608,359,117,393,417,720,599,155,201,548,550,334,25,416,515,883,382,938,398,700,362,802,534,664,594,648,779,500,82,971,273,471,964,595,575,898,783,69,621,698,292,513,781,427,532,680,471,571,126,959,256,185,901,403,518,840,469,240,282,203,278,906,568,351,217,143,802,703,951,775,488,384,361,505,44,835,250,371,322,760,401,877,365,44,531,3,413,938,381,781,564,631,319,61,439,901,955,53,850,118,677,346
950:12,587,261,304,90,736,783,284,455,101,132,152,681,732,897,606,255,137,717,325,238,275,745,689,467,558,631,650,203,682,765,547,38,836,315,620,489,791,799,783,539,815,130,564,832,18,700,417,633,547,546,650,972,963,760,32,911,862,137,753,920,624,971,501,576,370,40,776,935,909,790,776,801,242,40,629,261,899,534,776,614,169,144,713,418,555,424,425,792,896,684,384,606,154,490,372,265,207,751,328,70,669,968,492,901,673,146,798,365,84,580,509,18,898,250,710,35,192,5,373,784,737,941,922,97,654,288,925,738,168,757,191,187,971,65,343,179,529,515,877,188,631,635,446,577,960,708,493,596,916,795,611,37,101,583,282,509,46,528,12,681,905,365,346,921,507,325,12,975,757,599,925,685,162,917,639,864,688,131,362,529,37,566,780,802,368,567,254,822,64,510,291,552,629,604,54,589,753,697,631,790,691,635,25,734,104,648,27,274,318,299,169,758,566,362,326,876,197,944,200,415,407,398,824,526,913,517,701,284,786,103,52,811,68,387,486,889,693,863,238,427,589,991,189,863,803,171,668,262,352,751,926,381,384,173,951,860,368,117,756,959,504,436,392,819,815,690,721,171,181,237,829,920,26,387,604,143,184,525,803,348,951,904,258,660,93,893,691,728,511,207,351,285,201,276,319,385,982,693,388,896,149,560,123,436,424,605,56,467,442,797,262,954,548,814,977,783,963,779,840,589,562,88,82,777,128,460,316,577,262,655,980,603,559,266,733,27,76,22,215,447,915,309,666,429,131,141,95,444,255,547,67,607,613,204,681,750,353,542,451,663,850,629,669,610,977,49,86,994,90,469,3,566,881,202,874,840,658,194,848,189,268,377,519,971,435,726,144,801,672,223,657,783,768,106,891,951,582,160,282,227,741,307,257,990,383,409,434,399,843,705,152,71,798,673,433,956,712,842,954,918,754,684,105,990,569,251,193,543,642,619,86,916,442,735,630,449,672,732,631,630,794,789,530,422,905,160,548,430,914,333,301,304,449,103,79,647,828,283,229,549,25,765,637,657,277,274,268,444,267,745,476,530,309,210,44,453,505,360,820,973,291,683,36,485,283,797,664,215,467,23,250,391,688,532,20,924,802,539,519,947,145,26,710,822,598,549,392,818,923,694,294,270,944,591,626,47,291,75,575,208,219,66,395,479,385,539,198,955,468,132,285,177,31,332,984,38,681,546,668,935,561,919,85,172,996,782,612,387,669,355,385,248,935,417,653,594,362,670,327,689,311,761,689,588,114,996,758,159,619,292,394,857,481,757,246,35,724,931,350,445,549,475,721,706,668,920,149,228,78,529,972,771,913,15,583,510,85,365,621,188,0,544,752,324,150,118,612,784,628,226,444,664,231,549,804,779,198,794,341,976,393,968,48,907,620,178,594,12,676,362,896,953,972,585,88,707,564,500,531,430,383,121,747,721,416,911,772,638,497,747,426,140,607,791,24,991,693,61,544,473,979,849,156,474,826,564,79,371,911,453,464,489,274,529,764,180,74,772,296,599,472,824,888,890,844,938,847,875,767,988,699,779,38,452,260,852,535,676,65,104,884,643,814,797,857,169,510,733,619,495,858,946,759,957,547,719,997,845,425,17,831,332,568,948,689,329,932,906,727,230,682,150,13,852,802,55,991,987,996,200,414,950,550,844,92,309,871,327,772,932,243,975,929,905,12,721,729,619,585,448,725,797,77,537,768,522,343,162,329,843,114,168,47,228,80,720,65,436,912,437,79,563,120,168,728,662,297,654,104,181,494,603,30,246,424,4,24,179,674,834,59,6,331,394,187,36,821,442,370,663,25,886,145,486,165,840,593,800,828,630,364,157,168,166,637,677,958,356,129,809,205,644,288,639,309,842,380,108,648,798,597,850,272,566,46,505,813,892,856,514,169,647,664,918,418,253,135,365,18,285,863,706,847,578,21,827,978,836,960,927,766,585,436,616,671,65,82,168,709,663,424,616,35,27,328,900,976,692,528,370,618,267,934,681,17,323,790,886,303,556,241,993,802,590,51,846,660,923,618,984,192,829,774,944,528,895,81,67,463,352,556,913,600,353,611,90,777,464,990,731,504,829,13,478,817,298,616,519,401,695,600,931,402,419,557,492,91,671,69
970:311,490,508,838,894,793,77,352,416,3,719,986,478,201,380,487,882,414,911,541,360,891,410,418,166,47,660,483,232,711,6,562,132,286,20,291,292,401,673,171,777,322,730,750,988,22,133,19,489,413,379,102,517,326,408,619,894,901,172,50,601,498,209,195,253,638,269,606,471,868,714,991,392,746,888,325,457,595,44,758,951,91,625,593,704,854,349,319,21,789,639,670,130,326,164,836,464,711,65,284,84,558,283,200,809,120,178,532,840,948,916,762,952,627,262,808,736,295,12,586,928,133,66,292,696,848,571,297,560,347,270,801,807,147,42,274,800,207,782,494,30,829,930,181,664,954,252,287,159,949,435,992,892,864,216,0,910,108,442,14,642,617,736,144,971,719,185,114,881,244,687,649,622,657,858,826,563,331,369,19,633,964,612,662,99,651,693,934,777,294,972,631,976,475,9,79,509,446,53,154,872,241,113,742,565,174,696,989,629,914,601,544,419,847,948,374,323,505,149,369,141,82,206,497,159,93,551,71,16,507,577,728,545,645,833,796,918,886,520,602,90,700,38,506,953,484,622,518,886,471,429,174,509,652,892,711,899,475,822,823,721,596,971,255,720,794,538,461,438,511,37,805,830,220,382,564,422,757,648,449,458,32,248,128,558,944,314,844,392,386,232,937,460,715,69,739,337,36,288,454,216,99,28,99,413,799,924,515,598,455,308,643,449,136,162,565,363,290,668,103,858,101,267,137,427,509,804,928,736,999,48,571,201,975,297,494,475,24,373,291,615,7,231,129,929,420,312,518,16,285,285,265,5,289,706,149,773,294,388,651,97,512,260,423,477,359,920,68,661,667,987,351,474,735,325,21,268,31,509,314,266,983,474,607,22,657,537,711,20,859,977,54,608,91,682,926,310,279,244,808,589,637,260,196,549,540,625,621,600,430,101,955,541,322,671,14,199,674,509,259,684,22,878,967,33,554,958,750,371,339,595,750,832,617,612,141,476,562,841,555,288,140,125,78,108,52,504,176,197,463,425,631,18,315,465,625,248,380,42,993,62,775,559,170,331,332,573,807,794,565,215,781,816,941,695,46,396,71,816,707,885,180,673,597,2,664,924,704,754,178,372,276,675,958,796,769,408,609,341,702,452,248,736,278,731,606,929,384,320,504,772,266,873,342,553,425,759,0,843,480,929,394,527,610,552,894,488,149,228,421,463,206,590,929,903,602,375,666,343,56,365,715,288,841,758,744,598,753,869,415,268,701,970,408,456,200,926,457,133,348,796,315,303,314,834,723,10,950,479,133,3,842,911,700,768,636,985,503,467,999,753,304,305,11,34,574,673,490,379,741,401,9,210,175,642,598,935,353,571,500,255,660,347,393,593,959,168,928,356,110,60,335,63,345,79,959,595,955,432,507,451,676,29,144,764,22,827,224,311,801,511,90,243,427,42,201,167,207,843,767,597,609,38,255,738,164,826,964,722,344,217,329,137,115,728,413,420,195,750,882,774,165,610,515,55,749,981,896,742,458,654,951,542,69,20,985,367,902,630,534,620,867,502,189,738,598,533,524,712,226,96,841,281,906,407,755,174,598,614,984,809,403,277,595,973,485,786,449,265,3,710,425,563,576,253,310,289,873,639,450,18,40,172,688,852,764,908,830,654,379,307,797,717,757,236,919,205,910,101,948,805,247,240,937,741,33,921,958,995,752,979,577,688,248,478,412,466,703,147,336,570,895,848,365,222,150,846,695,193,251,703,750,926,830,582,450,612,189,183,41,187,719,101,863,173,423,522,473,183,183,209,502,726,758,567,594,479,840,64,792,103,184,814,627,81,572,132,209,414,653,937,293,102,930,385,975,76,112,117,802,480,104,457,626,303,581,270,328,541,520,710,844,162,314,101,950,65,765,456,177,869,143,341,404,71,205,82,845,91,128,289,92,977,78,217,746,271,831,824,773,459,298,596,969,797,572,569,620,691,261,556,253,7,215,343,626,531,467,229,750,437,986,85,883,565,428,19,329,995,193,857,83,597,354,566,490,822,627,965,312,587,903,558,619,647,808,65,85,206,234,494,500,78,618,442,714,281,112,188,195,951,758,174,566,497,652,903,635,672,826,533,448,892,89,112,975,864,494,937,919,587,84,25,629,722,829,446,190,336,476,104,708,927,482,106,628,184,804,300,320,159,501,917,53,378,669,862,611,440,182
990:610,716,814,590,809,811,204,430,708,811,135,422,507,713,103,898,217,447,265,342,433,69,631,513,298,422,226,449,46,788,154,763,496,313,740,988,276,44,994,713,880,548,801,568,16,924,148,610,608,755,229,309,266,615,940,745,159,717,56,559,90,183,418,33,576,290,337,378,292,171,23,363,247,710,339,175,748,123,304,228,146,758,603,983,442,280,761,138,272,191,431,484,759,343,347,501,173,539,400,596,870,940,767,648,980,789,768,495,203,97,144,910,891,793,829,486,871,750,780,895,498,183,211,612,425,216,875,354,411,359,893,910,621,284,174,995,699,652,77,860,841,146,849,388,39,739,655,71,987,28,688,653,984,490,82,139,220,390,541,837,287,795,182,812,215,309,840,664,640,608,797,978,929,226,77,561,875,966,950,407,618,262,121,231,462,108,925,389,35,701,845,321,11,35,308,674,414,221,329,691,552,221,213,77,841,709,793,977,74,575,29,416,474,928,171,753,128,457,618,710,755,146,815,787,86,922,629,515,103,767,573,577,238,406,433,497,507,784,386,817,184,482,993,127,877,527,707,888,267,868,189,857,208,623,431,814,289,605,805,805,670,39,456,302,902,872,444,889,380,62,906,188,345,298,814,480,185,117,987,623,810,257,873,124,182,930,25,110,234,759,479,18,78,617,846,141,197,375,978,219,847,698,439,207,834,604,319,439,96,704,496,994,993,118,3,601,808,286,889,664,411,414,504,824,709,713,107,994,886,542,768,553,210,146,291,164,254,363,504,472,998,123,886,702,60,933,975,374,420,647,43,135,987,659,204,433,69,308,396,329,285,458,258,65,111,177,20,2,609,972,222,166,745,946,969,550,784,619,919,477,180,721,731,704,139,653,589,930,851,636,99,175,486,350,59,285,123,596,869,459,504,27,605,623,35,945,173,551,904,91,642,507,261,712,965,733,449,94,394,303,282,615,821,432,710,559,456,402,490,869,153,123,982,852,400,797,361,109,455,500,793,210,258,756,426,305,93,373,184,771,685,268,880,24,918,751,32,737,60,516,727,338,6,622,255,746,324,102,615,216,25,794,109,684,211,996,345,599,583,674,332,159,482,741,663,275,931,48,240,144,164,287,31,454,7,897,664,162,396,956,961,784,368,140,906,220,530,199,900,469,608,0,130,31,198,46,196,236,694,512,123,583,187,543,839,4,935,136,59,79,701,412,666,751,241,918,611,175,571,145,456,937,418,715,37,359,597,234,259,640,572,298,476,507,990,688,896,90,4,325,294,718,186,914,607,243,606,197,221,209,185,670,545,550,298,288,913,395,170,975,344,657,314,90,359,575,352,197,785,364,913,471,781,507,832,538,564,128,796,932,258,733,896,393,378,593,364,491,882,174,921,15,614,245,266,517,144,496,838,844,5,668,794,479,930,681,210,72,357,240,16,528,592,904,93,848,617,140,517,367,213,364,88,216,506,951,978,598,740,506,179,431,215,368,106,955,299,325,413,112,366,168,716,340,947,685,468,493,368,997,199,832,717,779,504,340,496,475,452,826,846,72,580,724,820,594,591,535,795,971,373,110,946,533,318,372,933,530,584,558,500,591,480,154,518,285,263,288,100,5,142,220,274,408,5,349,632,240,876,198,127,823,549,438,766,346,800,381,596,537,286,933,424,581,698,362,269,31,609,976,225,417,594,945,172,147,569,207,174,109,621,292,297,540,657,291,206,459,992,818,883,694,697,951,250,894,674,884,637,12,529,248,93,12,486,380,793,432,732,430,436,757,838,181,767,350,766,131,918,684,673,128,815,134,598,400,644,347,725,59,282,417,644,660,578,352,309,753,332,913,835,606,764,253,635,846,661,667,544,88,689,873,78,586,338,765,688,124,939,121,109,291,232,794,29,720,181,347,146,693,146,755,842,331,819,271,432,219,509,437,298,671,452,742,981,844,586,975,100,623,723,821,824,17,100,866,985,816,825,24,699,523,445,617,20,433,20,409,825,767,117,352,448,252,203,768,593,667,651,175,925,773,727,721,65,664,865,358,796,247,172,715,451,479,779,632,125,580,685,293,994,166,424,626,624,219,938,993,269,666,223,194,344,657,669,803,371,132,867,818,489,835,224,417,493,246,583,660,451,504,968,337,871,405,250,789,131,728,205,927,743,934,868,267,993,521,623,134,404,506,351,913,420,798,690,612,975,76,462,536,279,960,426,808,557,903,520,61,279,583,615,925,466,730,877,936,3,960,594,742
